(1, 529)
(5, 162)
(6, 272)
(9, 70)
(10, 245)
(11, 63)
(12, 159)
(13, 119)
(14, 48)
(18, 281)
(19, 100)
(22, 39)
(23, 228)
(24, 80)
(27, 76)
(29, 112)
(30, 26)
(36, 26)
(37, 73)
(38, 55)
(40, 106)
(41, 97)
(42, 107)
(44, 97)
(45, 438)
(46, 122)
(47, 219)
(48, 49)
(49, 88)
(50, 46)
(53, 23)
(56, 203)
(57, 101)
(58, 73)
(59, 239)
(64, 61)
(65, 49)
(66, 85)
(68, 67)
(69, 106)
(71, 24)
(74, 118)
(75, 86)
(76, 28)
(77, 28)
(78, 26)
(80, 85)
(81, 112)
(82, 83)
(83, 47)
(85, 24)
(86, 22)
(87, 45)
(89, 23)
(92, 30)
(93, 47)
(94, 30)
(95, 34)
(96, 84)
(97, 345)
(98, 54)
(99, 2)
(100, 94)
(101, 2)
(102, 2)
(103, 2)
(104, 147)
(105, 200)
(106, 28)
(108, 25)
(109, 501)
(110, 663)
(111, 100)
(113, 94)
(121, 126)
(123, 136)
(124, 78)
(125, 125)
(126, 55)
(127, 109)
(128, 53)
(129, 12)
(130, 168)
(132, 2)
(133, 2)
(134, 49)
(135, 118)
(136, 276)
(138, 65)
(139, 22)
(140, 59)
(142, 30)
(143, 24)
(144, 508)
(145, 217)
(146, 49)
(147, 92)
(151, 49)
(152, 24)
(153, 118)
(157, 184)
(160, 82)
(162, 51)
(163, 23)
(164, 63)
(165, 30)
(166, 23)
(167, 61)
(168, 49)
(169, 70)
(176, 342)
(179, 547)
(180, 469)
(183, 45)
(185, 45)
(186, 37)
(187, 52)
(189, 30)
(191, 70)
(193, 141)
(194, 79)
(196, 27)
(197, 151)
(198, 186)
(199, 110)
(200, 515)
(201, 48)
(202, 75)
(203, 685)
(209, 773)
(210, 119)
(211, 107)
(212, 76)
(213, 189)
(214, 134)
(216, 2)
(220, 190)
(221, 188)
(225, 313)
(227, 457)
(228, 99)
(229, 230)
(232, 501)
(233, 129)
(235, 520)
(236, 526)
(237, 498)
(241, 96)
(242, 165)
(246, 359)
(247, 543)
(248, 394)
(249, 162)
(253, 82)
(254, 127)
(256, 226)
(259, 161)
(260, 183)
(267, 93)
(271, 108)
(272, 130)
(273, 429)
(274, 196)
(275, 405)
(279, 166)
(281, 130)
(283, 26)
(284, 97)
(290, 111)
(293, 120)
(296, 93)
(297, 191)
(298, 30)
(299, 73)
(302, 484)
(303, 255)
(304, 210)
(307, 98)
(309, 228)
(310, 96)
(311, 801)
(312, 109)
(313, 302)
(314, 112)
(315, 102)
(317, 212)
(320, 118)
(322, 235)
(323, 128)
(327, 286)
(330, 274)
(331, 379)
(332, 32)
(334, 120)
(336, 37)
(338, 88)
(341, 79)
(342, 631)
(343, 34)
(345, 108)
(346, 205)
(349, 115)
(352, 121)
(353, 114)
(354, 288)
(356, 493)
(361, 117)
(362, 612)
(366, 164)
(368, 123)
(369, 125)
(371, 129)
(372, 582)
(374, 167)
(376, 47)
(377, 122)
(378, 61)
(379, 73)
(381, 112)
(383, 22)
(387, 100)
(388, 63)
(389, 132)
(390, 299)
(392, 22)
(393, 286)
(395, 94)
(396, 32)
(398, 20)
(399, 54)
(400, 22)
(401, 156)
(402, 116)
(404, 60)
(405, 41)
(406, 36)
(407, 42)
(408, 197)
(409, 97)
(410, 28)
(411, 169)
(416, 109)
(417, 4)
(418, 30)
(420, 84)
(422, 159)
(423, 26)
(424, 139)
(425, 106)
(435, 209)
(436, 94)
(438, 41)
(439, 41)
(440, 24)
(441, 163)
(442, 84)
(443, 127)
(444, 92)
(447, 73)
(448, 312)
(449, 98)
(450, 91)
(455, 20)
(456, 56)
(459, 30)
(461, 24)
(464, 30)
(466, 42)
(467, 62)
(470, 25)
(473, 191)
(474, 106)
(475, 109)
(478, 113)
(480, 79)
(483, 46)
(484, 46)
(486, 62)
(488, 109)
(489, 164)
(490, 114)
(494, 53)
(496, 560)
(497, 90)
(498, 65)
(501, 232)
(502, 218)
(504, 210)
(505, 125)
(506, 23)
(508, 24)
(509, 25)
(511, 22)
(512, 24)
(513, 25)
(514, 24)
(516, 150)
(517, 24)
(518, 160)
(519, 20)
(521, 24)
(522, 55)
(524, 119)
(525, 330)
(528, 45)
(529, 23)
(530, 125)
(531, 31)
(532, 80)
(533, 45)
(534, 35)
(535, 41)
(536, 23)
(538, 93)
(539, 29)
(541, 51)
(543, 105)
(544, 115)
(545, 295)
(546, 24)
(547, 104)
(548, 26)
(550, 141)
(551, 146)
(552, 58)
(553, 76)
(554, 23)
(555, 81)
(557, 94)
(558, 47)
(559, 92)
(560, 44)
(562, 181)
(677, 252)
(679, 77)
(680, 85)
(682, 86)
(684, 198)
(685, 244)
(686, 43)
(687, 50)
(688, 150)
(689, 12)
(690, 27)
(691, 28)
(692, 28)
(693, 28)
(694, 28)
(695, 28)
(696, 239)
(697, 116)
(698, 30)
(699, 31)
(700, 29)
(701, 29)
(702, 28)
(703, 79)
(704, 326)
(706, 163)
(707, 24)
(708, 65)
(709, 18)
(712, 80)
(714, 796)
(715, 112)
(718, 357)
(722, 23)
(724, 117)
(725, 85)
(728, 107)
(730, 548)
(731, 98)
(732, 118)
(733, 135)
(734, 50)
(735, 76)
(736, 115)
(739, 71)
(741, 80)
(742, 326)
(743, 154)
(745, 39)
(748, 839)
(754, 107)
(756, 27)
(757, 50)
(758, 32)
(762, 110)
(764, 55)
(767, 70)
(768, 327)
(773, 41)
(774, 108)
(776, 22)
(778, 43)
(780, 52)
(781, 40)
(783, 46)
(787, 93)
(791, 116)
(793, 129)
(797, 105)
(798, 137)
(800, 142)
(811, 53)
(816, 119)
(817, 54)
(818, 43)
(820, 104)
(828, 22)
(829, 290)
(830, 20)
(833, 271)
(834, 79)
(835, 208)
(836, 215)
(837, 137)
(839, 186)
(840, 191)
(842, 131)
(843, 619)
(844, 139)
(846, 46)
(848, 49)
(849, 68)
(850, 92)
(851, 120)
(852, 154)
(853, 399)
(855, 142)
(856, 282)
(857, 132)
(859, 89)
(861, 80)
(865, 49)
(866, 26)
(867, 224)
(868, 124)
(870, 84)
(872, 125)
(873, 273)
(874, 307)
(875, 565)
(879, 22)
(880, 290)
(882, 227)
(883, 96)
(884, 77)
(885, 96)
(886, 24)
(887, 147)
(889, 419)
(890, 84)
(894, 333)
(895, 54)
(896, 224)
(897, 91)
(899, 100)
(900, 32)
(901, 36)
(903, 338)
(904, 81)
(908, 194)
(913, 95)
(915, 165)
(918, 245)
(920, 111)
(921, 318)
(922, 587)
(924, 89)
(925, 842)
(926, 322)
(929, 93)
(930, 105)
(932, 125)
(934, 4)
(937, 293)
(938, 202)
(939, 131)
(940, 234)
(941, 119)
(942, 322)
(943, 38)
(944, 40)
(945, 97)
(949, 30)
(952, 273)
(953, 72)
(955, 319)
(958, 4)
(960, 529)
(963, 121)
(968, 69)
(969, 314)
(971, 208)
(972, 30)
(974, 274)
(976, 32)
(977, 328)
(978, 120)
(981, 24)
(982, 253)
(983, 428)
(984, 91)
(985, 18)
(986, 80)
(988, 177)
(991, 192)
(995, 76)
(998, 104)
(999, 50)
(1000, 148)
(1003, 79)
(1007, 51)
(1008, 107)
(1009, 24)
(1010, 59)
(1011, 143)
(1013, 48)
(1015, 135)
(1016, 67)
(1017, 32)
(1019, 440)
(1020, 119)
(1022, 259)
(1023, 112)
(1024, 114)
(1026, 358)
(1029, 75)
(1030, 98)
(1032, 85)
(1033, 41)
(1035, 32)
(1036, 229)
(1039, 57)
(1040, 90)
(1044, 171)
(1047, 213)
(1049, 34)
(1050, 34)
(1052, 146)
(1057, 60)
(1058, 28)
(1059, 92)
(1063, 53)
(1065, 25)
(1066, 25)
(1067, 198)
(1068, 152)
(1069, 185)
(1070, 50)
(1071, 62)
(1072, 125)
(1074, 102)
(1076, 185)
(1077, 126)
(1078, 98)
(1079, 142)
(1080, 233)
(1082, 111)
(1084, 258)
(1085, 153)
(1087, 49)
(1088, 164)
(1090, 24)
(1091, 28)
(1094, 175)
(1096, 71)
(1099, 130)
(1100, 185)
(1101, 93)
(1102, 91)
(1103, 187)
(1104, 105)
(1105, 145)
(1108, 65)
(1109, 24)
(1110, 315)
(1111, 71)
(1112, 226)
(1117, 28)
(1118, 121)
(1120, 20)
(1122, 37)
(1123, 72)
(1124, 57)
(1125, 55)
(1128, 42)
(1131, 246)
(1134, 59)
(1135, 33)
(1137, 83)
(1138, 138)
(1143, 4)
(1147, 110)
(1148, 132)
(1151, 26)
(1152, 250)
(1153, 329)
(1154, 77)
(1156, 231)
(1157, 33)
(1158, 48)
(1159, 192)
(1160, 81)
(1164, 24)
(1167, 28)
(1169, 42)
(1170, 23)
(1173, 97)
(1174, 98)
(1176, 74)
(1177, 42)
(1178, 78)
(1181, 113)
(1182, 48)
(1184, 143)
(1185, 63)
(1188, 97)
(1191, 73)
(1192, 39)
(1193, 309)
(1197, 338)
(1198, 194)
(1200, 114)
(1201, 216)
(1203, 108)
(1205, 45)
(1207, 145)
(1208, 340)
(1209, 116)
(1210, 306)
(1211, 251)
(1212, 305)
(1213, 357)
(1215, 192)
(1216, 54)
(1217, 54)
(1220, 96)
(1225, 33)
(1226, 202)
(1228, 95)
(1229, 56)
(1234, 23)
(1238, 85)
(1239, 26)
(1243, 63)
(1244, 24)
(1245, 110)
(1246, 235)
(1251, 93)
(1252, 584)
(1257, 128)
(1258, 130)
(1260, 94)
(1263, 190)
(1264, 20)
(1265, 49)
(1268, 28)
(1269, 484)
(1271, 51)
(1272, 398)
(1273, 45)
(1276, 101)
(1277, 26)
(1280, 62)
(1283, 111)
(1284, 65)
(1285, 145)
(1287, 66)
(1288, 79)
(1291, 100)
(1292, 266)
(1293, 26)
(1295, 137)
(1298, 25)
(1299, 585)
(1300, 104)
(1301, 89)
(1303, 121)
(1306, 699)
(1308, 84)
(1311, 32)
(1312, 921)
(1313, 64)
(1314, 87)
(1315, 128)
(1316, 166)
(1317, 34)
(1320, 54)
(1322, 25)
(1324, 24)
(1326, 25)
(1327, 57)
(1328, 22)
(1331, 32)
(1332, 98)
(1335, 122)
(1339, 111)
(1340, 104)
(1341, 23)
(1342, 22)
(1343, 162)
(1344, 55)
(1345, 21)
(1347, 163)
(1350, 171)
(1351, 34)
(1354, 133)
(1355, 52)
(1356, 261)
(1359, 87)
(1360, 58)
(1361, 239)
(1363, 40)
(1364, 56)
(1366, 147)
(1367, 130)
(1369, 358)
(1372, 113)
(1375, 74)
(1377, 246)
(1378, 25)
(1379, 76)
(1381, 40)
(1382, 25)
(1384, 23)
(1385, 113)
(1387, 309)
(1388, 241)
(1391, 132)
(1393, 84)
(1394, 35)
(1395, 70)
(1396, 27)
(1398, 123)
(1399, 166)
(1404, 27)
(1405, 312)
(1406, 129)
(1407, 200)
(1409, 119)
(1412, 97)
(1414, 318)
(1420, 24)
(1421, 403)
(1425, 51)
(1427, 170)
(1428, 96)
(1429, 74)
(1433, 58)
(1434, 147)
(1435, 24)
(1436, 30)
(1438, 100)
(1440, 140)
(1444, 87)
(1445, 95)
(1446, 53)
(1449, 108)
(1452, 42)
(1456, 405)
(1457, 60)
(1460, 57)
(1461, 59)
(1466, 318)
(1467, 30)
(1469, 55)
(1471, 23)
(1477, 206)
(1478, 389)
(1480, 86)
(1483, 29)
(1488, 77)
(1492, 41)
(1493, 64)
(1494, 40)
(1496, 24)
(1497, 74)
(1498, 298)
(1499, 205)
(1500, 39)
(1502, 230)
(1503, 63)
(1506, 87)
(1508, 22)
(1512, 64)
(1514, 26)
(1519, 77)
(1520, 136)
(1521, 28)
(1524, 45)
(1525, 45)
(1526, 40)
(1527, 28)
(1528, 90)
(1529, 50)
(1532, 26)
(1533, 130)
(1535, 612)
(1536, 26)
(1537, 65)
(1541, 98)
(1543, 90)
(1545, 25)
(1546, 23)
(1550, 213)
(1553, 466)
(1554, 71)
(1555, 24)
(1556, 146)
(1557, 402)
(1560, 553)
(1562, 136)
(1563, 95)
(1564, 46)
(1566, 45)
(1567, 24)
(1568, 23)
(1569, 41)
(1570, 119)
(1571, 97)
(1572, 112)
(1575, 229)
(1577, 126)
(1579, 772)
(1581, 133)
(1582, 587)
(1584, 78)
(1585, 101)
(1586, 25)
(1588, 104)
(1590, 242)
(1598, 124)
(1601, 55)
(1602, 137)
(1606, 109)
(1607, 106)
(1608, 57)
(1610, 62)
(1611, 542)
(1616, 633)
(1619, 93)
(1620, 94)
(1622, 65)
(1623, 195)
(1626, 114)
(1628, 85)
(1631, 138)
(1633, 77)
(1634, 346)
(1638, 72)
(1639, 53)
(1640, 177)
(1642, 65)
(1643, 97)
(1644, 47)
(1648, 24)
(1649, 59)
(1650, 136)
(1651, 38)
(1652, 184)
(1653, 25)
(1655, 51)
(1656, 250)
(1657, 103)
(1658, 65)
(1659, 45)
(1660, 73)
(1661, 98)
(1665, 32)
(1666, 75)
(1667, 118)
(1673, 97)
(1674, 275)
(1675, 225)
(1676, 97)
(1677, 43)
(1678, 71)
(1679, 102)
(1680, 136)
(1681, 85)
(1682, 823)
(1684, 108)
(1686, 74)
(1688, 22)
(1689, 162)
(1692, 194)
(1693, 118)
(1694, 266)
(1696, 307)
(1706, 124)
(1708, 23)
(1709, 114)
(1711, 354)
(1714, 24)
(1715, 283)
(1716, 26)
(1718, 419)
(1719, 22)
(1722, 71)
(1723, 146)
(1724, 586)
(1727, 52)
(1729, 269)
(1731, 252)
(1732, 118)
(1734, 123)
(1735, 328)
(1739, 261)
(1740, 70)
(1741, 73)
(1747, 84)
(1751, 135)
(1752, 54)
(1758, 4)
(1759, 65)
(1760, 62)
(1761, 65)
(1763, 23)
(1764, 92)
(1765, 111)
(1767, 25)
(1768, 74)
(1769, 25)
(1771, 260)
(1772, 245)
(1773, 109)
(1777, 386)
(1783, 24)
(1785, 82)
(1787, 203)
(1789, 200)
(1790, 65)
(1792, 213)
(1794, 30)
(1797, 23)
(1798, 132)
(1799, 28)
(1801, 74)
(1803, 74)
(1808, 422)
(1809, 491)
(1811, 109)
(1814, 25)
(1815, 133)
(1816, 121)
(1820, 22)
(1824, 24)
(1832, 88)
(1835, 115)
(1836, 852)
(1837, 42)
(1839, 198)
(1842, 283)
(1843, 34)
(1845, 134)
(1846, 71)
(1847, 128)
(1848, 246)
(1849, 56)
(1851, 34)
(1853, 43)
(1855, 20)
(1856, 136)
(1858, 202)
(1860, 549)
(1861, 150)
(1862, 101)
(1863, 112)
(1871, 53)
(1872, 74)
(1873, 22)
(1875, 102)
(1877, 57)
(1878, 225)
(1880, 163)
(1882, 147)
(1885, 107)
(1886, 109)
(1889, 504)
(1890, 260)
(1897, 157)
(1898, 116)
(1901, 192)
(1902, 388)
(1904, 237)
(1907, 115)
(1909, 247)
(1910, 26)
(1912, 102)
(1913, 76)
(1915, 164)
(1917, 83)
(1918, 363)
(1919, 815)
(1920, 179)
(1924, 82)
(1926, 735)
(1929, 54)
(1931, 98)
(1932, 104)
(1933, 322)
(1934, 116)
(1940, 253)
(1942, 239)
(1943, 74)
(1946, 186)
(1948, 195)
(1949, 163)
(1951, 212)
(1952, 99)
(1959, 521)
(1960, 303)
(1961, 32)
(1963, 984)
(1964, 276)
(1965, 94)
(1966, 56)
(1967, 428)
(1970, 183)
(1971, 48)
(1975, 87)
(1976, 131)
(1980, 84)
(1982, 65)
(1983, 31)
(1987, 18)
(1989, 16)
(1990, 525)
(1994, 280)
(1995, 157)
(1996, 366)
(2000, 77)
(2001, 362)
(2003, 124)
(2004, 34)
(2005, 72)
(2006, 84)
(2007, 111)
(2008, 112)
(2010, 345)
(2012, 97)
(2013, 170)
(2016, 53)
(2020, 37)
(2022, 103)
(2024, 173)
(2025, 277)
(2026, 68)
(2027, 40)
(2028, 113)
(2029, 46)
(2033, 85)
(2035, 18)
(2039, 75)
(2042, 48)
(2044, 97)
(2046, 82)
(2047, 50)
(2048, 190)
(2049, 24)
(2054, 219)
(2055, 63)
(2056, 73)
(2061, 573)
(2064, 570)
(2065, 32)
(2067, 22)
(2073, 106)
(2074, 240)
(2079, 61)
(2080, 205)
(2087, 307)
(2089, 26)
(2092, 56)
(2095, 150)
(2097, 155)
(2098, 32)
(2099, 62)
(2101, 43)
(2102, 41)
(2107, 93)
(2108, 246)
(2109, 35)
(2110, 305)
(2112, 88)
(2114, 108)
(2115, 542)
(2116, 113)
(2118, 394)
(2121, 430)
(2122, 28)
(2126, 79)
(2128, 309)
(2130, 179)
(2133, 65)
(2136, 20)
(2137, 50)
(2148, 28)
(2149, 58)
(2151, 77)
(2153, 23)
(2154, 25)
(2155, 98)
(2157, 22)
(2159, 103)
(2163, 25)
(2166, 24)
(2167, 43)
(2168, 321)
(2169, 26)
(2171, 28)
(2172, 182)
(2173, 131)
(2174, 36)
(2175, 107)
(2176, 16)
(2178, 26)
(2181, 24)
(2182, 83)
(2183, 24)
(2186, 193)
(2187, 77)
(2188, 65)
(2190, 287)
(2191, 55)
(2193, 97)
(2194, 100)
(2195, 231)
(2196, 132)
(2197, 699)
(2198, 183)
(2202, 129)
(2203, 449)
(2205, 55)
(2206, 127)
(2207, 20)
(2211, 25)
(2212, 77)
(2213, 25)
(2216, 22)
(2217, 95)
(2219, 183)
(2220, 20)
(2221, 508)
(2223, 148)
(2224, 133)
(2225, 65)
(2226, 248)
(2227, 81)
(2228, 812)
(2230, 46)
(2231, 130)
(2232, 36)
(2234, 75)
(2236, 29)
(2237, 57)
(2238, 25)
(2239, 66)
(2240, 73)
(2244, 18)
(2246, 204)
(2247, 173)
(2249, 69)
(2251, 548)
(2252, 54)
(2253, 110)
(2257, 463)
(2259, 77)
(2260, 127)
(2264, 64)
(2265, 85)
(2266, 56)
(2268, 118)
(2269, 636)
(2270, 29)
(2271, 203)
(2273, 115)
(2275, 51)
(2276, 50)
(2278, 341)
(2279, 55)
(2281, 106)
(2286, 200)
(2290, 4)
(2291, 82)
(2297, 71)
(2298, 54)
(2301, 69)
(2303, 184)
(2304, 58)
(2307, 305)
(2308, 64)
(2309, 75)
(2310, 227)
(2312, 120)
(2316, 88)
(2320, 28)
(2322, 40)
(2323, 49)
(2325, 62)
(2326, 348)
(2327, 26)
(2332, 26)
(2333, 57)
(2335, 83)
(2336, 22)
(2337, 71)
(2338, 24)
(2339, 23)
(2340, 23)
(2342, 85)
(2344, 68)
(2346, 25)
(2347, 25)
(2348, 23)
(2350, 111)
(2352, 533)
(2353, 71)
(2354, 737)
(2357, 316)
(2358, 26)
(2359, 341)
(2365, 88)
(2366, 162)
(2367, 559)
(2370, 118)
(2371, 116)
(2374, 113)
(2375, 695)
(2376, 278)
(2377, 22)
(2379, 133)
(2380, 54)
(2382, 118)
(2383, 790)
(2385, 36)
(2386, 71)
(2389, 247)
(2390, 194)
(2391, 23)
(2393, 60)
(2394, 111)
(2396, 25)
(2397, 24)
(2398, 52)
(2402, 34)
(2403, 28)
(2405, 132)
(2406, 223)
(2409, 44)
(2410, 35)
(2411, 99)
(2417, 364)
(2419, 92)
(2420, 56)
(2421, 84)
(2425, 98)
(2428, 702)
(2429, 74)
(2433, 121)
(2434, 64)
(2435, 222)
(2436, 124)
(2437, 49)
(2440, 25)
(2441, 28)
(2442, 28)
(2447, 97)
(2448, 217)
(2449, 212)
(2452, 112)
(2456, 373)
(2458, 71)
(2459, 41)
(2460, 22)
(2462, 96)
(2465, 30)
(2466, 34)
(2467, 205)
(2468, 100)
(2470, 216)
(2471, 134)
(2474, 81)
(2475, 580)
(2476, 164)
(2478, 52)
(2479, 41)
(2480, 251)
(2482, 23)
(2483, 98)
(2484, 68)
(2488, 41)
(2490, 33)
(2491, 230)
(2492, 193)
(2494, 24)
(2495, 181)
(2496, 26)
(2497, 26)
(2499, 121)
(2500, 464)
(2504, 26)
(2505, 204)
(2508, 458)
(2511, 207)
(2512, 119)
(2513, 447)
(2515, 116)
(2517, 114)
(2518, 49)
(2519, 49)
(2520, 193)
(2521, 1097)
(2522, 470)
(2524, 78)
(2526, 168)
(2528, 97)
(2529, 56)
(2530, 93)
(2531, 121)
(2532, 86)
(2534, 355)
(2535, 122)
(2538, 119)
(2539, 113)
(2540, 110)
(2542, 249)
(2543, 85)
(2544, 212)
(2546, 296)
(2548, 40)
(2549, 80)
(2550, 100)
(2551, 94)
(2552, 96)
(2553, 266)
(2554, 663)
(2555, 104)
(2557, 188)
(2558, 60)
(2559, 41)
(2560, 95)
(2561, 41)
(2562, 58)
(2564, 24)
(2565, 68)
(2566, 25)
(2567, 84)
(2568, 68)
(2569, 60)
(2570, 133)
(2572, 82)
(2574, 118)
(2576, 103)
(2577, 41)
(2578, 97)
(2579, 24)
(2580, 46)
(2582, 28)
(2583, 45)
(2584, 21)
(2585, 86)
(2587, 22)
(2590, 49)
(2591, 23)
(2593, 26)
(2594, 177)
(2595, 20)
(2596, 352)
(2599, 20)
(2601, 121)
(2602, 70)
(2604, 52)
(2606, 107)
(2608, 24)
(2609, 106)
(2611, 64)
(2613, 53)
(2617, 101)
(2618, 904)
(2619, 81)
(2620, 188)
(2622, 22)
(2623, 28)
(2626, 52)
(2630, 31)
(2633, 161)
(2634, 4)
(2635, 156)
(2637, 69)
(2638, 238)
(2645, 67)
(2647, 137)
(2648, 85)
(2649, 24)
(2650, 92)
(2652, 358)
(2658, 144)
(2659, 83)
(2660, 77)
(2663, 122)
(2664, 67)
(2666, 67)
(2667, 79)
(2671, 96)
(2672, 86)
(2674, 43)
(2677, 93)
(2678, 20)
(2681, 147)
(2683, 55)
(2686, 289)
(2687, 55)
(2688, 189)
(2691, 108)
(2693, 48)
(2695, 227)
(2696, 89)
(2697, 541)
(2699, 71)
(2700, 71)
(2708, 90)
(2709, 396)
(2711, 122)
(2714, 67)
(2718, 178)
(2720, 86)
(2722, 44)
(2723, 4)
(2725, 773)
(2727, 149)
(2728, 116)
(2729, 100)
(2737, 85)
(2741, 143)
(2742, 314)
(2743, 30)
(2744, 239)
(2746, 185)
(2747, 179)
(2748, 83)
(2749, 146)
(2750, 100)
(2751, 56)
(2752, 44)
(2754, 52)
(2756, 32)
(2757, 54)
(2760, 125)
(2761, 45)
(2762, 161)
(2763, 90)
(2764, 186)
(2765, 308)
(2767, 112)
(2768, 205)
(2769, 88)
(2771, 24)
(2772, 24)
(2773, 23)
(2775, 795)
(2777, 282)
(2779, 35)
(2781, 27)
(2782, 95)
(2783, 318)
(2784, 20)
(2785, 151)
(2787, 23)
(2789, 116)
(2791, 346)
(2792, 497)
(2793, 148)
(2794, 18)
(2797, 131)
(2798, 28)
(2799, 312)
(2800, 46)
(2801, 24)
(2802, 372)
(2803, 234)
(2806, 144)
(2807, 65)
(2809, 24)
(2810, 116)
(2811, 28)
(2813, 122)
(2815, 88)
(2818, 142)
(2819, 186)
(2820, 45)
(2825, 30)
(2826, 49)
(2827, 100)
(2828, 458)
(2833, 722)
(2834, 53)
(2836, 32)
(2838, 92)
(2839, 61)
(2843, 93)
(2847, 60)
(2848, 138)
(2849, 25)
(2850, 49)
(2851, 136)
(2853, 110)
(2856, 95)
(2857, 131)
(2858, 84)
(2862, 87)
(2864, 398)
(2866, 62)
(2867, 68)
(2870, 28)
(2872, 58)
(2873, 25)
(2877, 35)
(2880, 88)
(2881, 152)
(2884, 78)
(2886, 24)
(2887, 145)
(2890, 116)
(2896, 94)
(2897, 101)
(2898, 99)
(2902, 110)
(2907, 120)
(2908, 23)
(2909, 20)
(2912, 112)
(2913, 262)
(2915, 24)
(2916, 214)
(2917, 241)
(2918, 88)
(2919, 96)
(2920, 55)
(2922, 128)
(2923, 93)
(2924, 418)
(2925, 494)
(2926, 28)
(2927, 59)
(2928, 24)
(2929, 46)
(2930, 92)
(2933, 48)
(2936, 348)
(2938, 81)
(2939, 22)
(2940, 16)
(2942, 185)
(2944, 96)
(2945, 109)
(2946, 51)
(2947, 182)
(2948, 306)
(2950, 108)
(2951, 92)
(2952, 76)
(2953, 82)
(2954, 52)
(2955, 112)
(2956, 294)
(2957, 200)
(2958, 241)
(2959, 111)
(2960, 55)
(2961, 55)
(2962, 56)
(2963, 56)
(2964, 105)
(2965, 417)
(2966, 90)
(2968, 404)
(2970, 91)
(2971, 253)
(2973, 451)
(2974, 216)
(2975, 207)
(2976, 90)
(2977, 110)
(2978, 95)
(2979, 738)
(2982, 128)
(2983, 113)
(2985, 76)
(2990, 134)
(2993, 133)
(2994, 172)
(2995, 189)
(2996, 78)
(2998, 316)
(2999, 63)
(3001, 101)
(3002, 116)
(3003, 86)
(3006, 32)
(3007, 96)
(3008, 44)
(3009, 135)
(3010, 129)
(3013, 429)
(3015, 91)
(3016, 209)
(3017, 115)
(3019, 705)
(3020, 664)
(3023, 659)
(3024, 626)
(3025, 100)
(3026, 295)
(3028, 253)
(3031, 350)
(3034, 335)
(3035, 24)
(3036, 125)
(3037, 26)
(3038, 105)
(3039, 180)
(3040, 61)
(3041, 22)
(3042, 66)
(3043, 95)
(3044, 107)
(3046, 86)
(3047, 110)
(3048, 451)
(3049, 40)
(3051, 136)
(3053, 109)
(3056, 365)
(3057, 56)
(3060, 32)
(3061, 24)
(3062, 553)
(3063, 110)
(3065, 804)
(3067, 54)
(3068, 196)
(3069, 154)
(3071, 109)
(3072, 261)
(3073, 225)
(3074, 32)
(3076, 50)
(3077, 326)
(3078, 444)
(3080, 84)
(3082, 94)
(3083, 26)
(3084, 367)
(3085, 71)
(3086, 340)
(3087, 30)
(3088, 30)
(3089, 122)
(3091, 78)
(3092, 63)
(3093, 205)
(3094, 218)
(3095, 102)
(3096, 79)
(3098, 82)
(3100, 120)
(3103, 166)
(3104, 158)
(3105, 84)
(3107, 110)
(3109, 83)
(3110, 180)
(3111, 533)
(3114, 34)
(3115, 488)
(3117, 323)
(3118, 106)
(3120, 92)
(3121, 92)
(3122, 166)
(3125, 18)
(3128, 113)
(3129, 114)
(3131, 113)
(3132, 118)
(3133, 103)
(3134, 28)
(3135, 219)
(3137, 357)
(3138, 89)
(3139, 81)
(3142, 185)
(3145, 110)
(3146, 28)
(3149, 275)
(3152, 166)
(3153, 103)
(3154, 104)
(3155, 382)
(3157, 197)
(3159, 20)
(3161, 269)
(3162, 28)
(3163, 118)
(3164, 55)
(3166, 116)
(3168, 120)
(3169, 51)
(3174, 185)
(3176, 114)
(3180, 95)
(3181, 84)
(3183, 122)
(3184, 70)
(3186, 18)
(3187, 193)
(3189, 81)
(3190, 28)
(3191, 138)
(3192, 340)
(3194, 82)
(3198, 280)
(3199, 89)
(3204, 110)
(3205, 119)
(3206, 78)
(3207, 79)
(3210, 116)
(3211, 88)
(3216, 118)
(3217, 329)
(3219, 87)
(3222, 182)
(3223, 71)
(3225, 91)
(3228, 61)
(3229, 67)
(3235, 18)
(3239, 104)
(3241, 123)
(3242, 403)
(3243, 69)
(3246, 291)
(3247, 24)
(3249, 217)
(3251, 110)
(3252, 61)
(3253, 80)
(3254, 53)
(3256, 74)
(3258, 40)
(3259, 87)
(3261, 389)
(3263, 110)
(3264, 117)
(3266, 95)
(3267, 560)
(3269, 227)
(3271, 207)
(3272, 104)
(3273, 118)
(3275, 102)
(3276, 159)
(3277, 211)
(3278, 205)
(3282, 121)
(3283, 409)
(3285, 166)
(3287, 508)
(3290, 68)
(3292, 189)
(3295, 78)
(3298, 357)
(3299, 28)
(3302, 70)
(3303, 146)
(3305, 24)
(3306, 282)
(3309, 82)
(3310, 119)
(3311, 34)
(3312, 34)
(3313, 92)
(3314, 152)
(3315, 76)
(3317, 120)
(3318, 113)
(3320, 166)
(3322, 100)
(3323, 90)
(3324, 115)
(3327, 106)
(3329, 175)
(3330, 201)
(3332, 325)
(3333, 24)
(3334, 111)
(3335, 78)
(3336, 203)
(3337, 170)
(3338, 233)
(3339, 109)
(3340, 121)
(3341, 28)
(3342, 88)
(3343, 26)
(3344, 148)
(3345, 54)
(3347, 121)
(3348, 84)
(3349, 72)
(3351, 193)
(3352, 291)
(3353, 197)
(3354, 30)
(3356, 108)
(3358, 100)
(3359, 24)
(3360, 185)
(3363, 18)
(3364, 210)
(3365, 38)
(3367, 91)
(3370, 26)
(3371, 286)
(3372, 218)
(3377, 34)
(3378, 50)
(3380, 261)
(3381, 116)
(3382, 38)
(3384, 111)
(3386, 28)
(3387, 174)
(3389, 132)
(3390, 640)
(3394, 246)
(3395, 49)
(3396, 528)
(3399, 100)
(3400, 112)
(3401, 130)
(3405, 110)
(3406, 28)
(3409, 160)
(3411, 369)
(3413, 308)
(3415, 122)
(3416, 102)
(3417, 79)
(3418, 89)
(3419, 30)
(3420, 162)
(3421, 499)
(3422, 113)
(3425, 63)
(3429, 412)
(3430, 225)
(3433, 106)
(3435, 79)
(3438, 343)
(3440, 425)
(3441, 187)
(3442, 174)
(3445, 193)
(3446, 807)
(3448, 26)
(3449, 196)
(3452, 196)
(3453, 118)
(3454, 357)
(3455, 330)
(3456, 161)
(3458, 95)
(3459, 199)
(3460, 109)
(3461, 81)
(3463, 213)
(3466, 129)
(3467, 89)
(3468, 69)
(3469, 94)
(3472, 155)
(3473, 60)
(3474, 70)
(3476, 22)
(3477, 90)
(3480, 148)
(3481, 20)
(3482, 96)
(3483, 98)
(3486, 213)
(3488, 825)
(3490, 341)
(3491, 135)
(3492, 176)
(3493, 332)
(3497, 174)
(3499, 41)
(3504, 22)
(3505, 471)
(3507, 108)
(3509, 175)
(3511, 176)
(3512, 514)
(3514, 335)
(3517, 85)
(3520, 155)
(3524, 352)
(3526, 81)
(3528, 196)
(3531, 227)
(3532, 216)
(3533, 86)
(3534, 952)
(3535, 627)
(3538, 28)
(3539, 233)
(3540, 579)
(3541, 178)
(3542, 323)
(3543, 125)
(3545, 101)
(3547, 179)
(3553, 186)
(3554, 143)
(3556, 277)
(3557, 81)
(3559, 123)
(3563, 600)
(3564, 408)
(3565, 78)
(3569, 93)
(3570, 24)
(3571, 673)
(3572, 116)
(3573, 107)
(3574, 278)
(3575, 65)
(3577, 85)
(3578, 67)
(3579, 48)
(3580, 25)
(3582, 72)
(3584, 95)
(3585, 60)
(3586, 26)
(3587, 298)
(3589, 267)
(3591, 30)
(3592, 237)
(3593, 613)
(3594, 355)
(3595, 56)
(3596, 117)
(3597, 117)
(3598, 63)
(3599, 110)
(3601, 25)
(3602, 215)
(3603, 102)
(3604, 46)
(3605, 94)
(3607, 180)
(3609, 118)
(3610, 26)
(3611, 28)
(3612, 72)
(3613, 288)
(3615, 546)
(3616, 26)
(3619, 151)
(3620, 74)
(3621, 32)
(3622, 82)
(3623, 94)
(3624, 48)
(3625, 186)
(3626, 73)
(3629, 53)
(3630, 213)
(3631, 64)
(3632, 111)
(3633, 51)
(3634, 115)
(3637, 45)
(3639, 169)
(3640, 93)
(3643, 121)
(3645, 475)
(3646, 274)
(3647, 23)
(3649, 47)
(3651, 24)
(3652, 48)
(3660, 101)
(3661, 82)
(3666, 116)
(3667, 43)
(3668, 53)
(3669, 79)
(3672, 70)
(3673, 84)
(3674, 26)
(3676, 65)
(3680, 48)
(3681, 50)
(3684, 133)
(3688, 123)
(3690, 100)
(3694, 84)
(3695, 54)
(3697, 56)
(3699, 216)
(3701, 135)
(3702, 47)
(3704, 182)
(3707, 87)
(3708, 112)
(3711, 277)
(3713, 62)
(3717, 68)
(3720, 112)
(3721, 64)
(3723, 112)
(3729, 20)
(3730, 54)
(3734, 25)
(3735, 55)
(3737, 74)
(3738, 49)
(3740, 95)
(3741, 24)
(3742, 158)
(3743, 214)
(3744, 75)
(3747, 122)
(3748, 187)
(3750, 146)
(3751, 62)
(3755, 72)
(3757, 25)
(3758, 176)
(3759, 274)
(3760, 46)
(3762, 849)
(3763, 24)
(3764, 23)
(3765, 23)
(3766, 26)
(3768, 139)
(3770, 107)
(3771, 79)
(3772, 30)
(3774, 24)
(3775, 199)
(3777, 110)
(3779, 273)
(3782, 24)
(3784, 43)
(3785, 73)
(3786, 69)
(3787, 25)
(3788, 24)
(3790, 104)
(3792, 436)
(3793, 92)
(3795, 196)
(3796, 114)
(3797, 301)
(3798, 870)
(3800, 185)
(3801, 95)
(3806, 84)
(3807, 25)
(3808, 24)
(3817, 84)
(3821, 104)
(3825, 253)
(3828, 76)
(3830, 113)
(3831, 35)
(3833, 105)
(3838, 86)
(3839, 127)
(3840, 86)
(3841, 122)
(3843, 88)
(3846, 75)
(3847, 394)
(3850, 24)
(3851, 22)
(3853, 53)
(3855, 144)
(3856, 88)
(3857, 53)
(3858, 24)
(3860, 73)
(3862, 198)
(3864, 506)
(3865, 79)
(3867, 65)
(3868, 296)
(3869, 476)
(3870, 135)
(3872, 42)
(3873, 155)
(3874, 59)
(3875, 25)
(3879, 37)
(3881, 115)
(3884, 174)
(3886, 108)
(3888, 105)
(3890, 194)
(3892, 233)
(3893, 111)
(3894, 60)
(3895, 30)
(3897, 22)
(3898, 64)
(3899, 152)
(3900, 131)
(3901, 254)
(3902, 260)
(3903, 120)
(3904, 136)
(3905, 38)
(3906, 274)
(3908, 135)
(3909, 88)
(3910, 121)
(3912, 231)
(3913, 30)
(3916, 62)
(3917, 23)
(3918, 114)
(3920, 99)
(3922, 58)
(3926, 82)
(3928, 184)
(3930, 84)
(3931, 520)
(3933, 124)
(3934, 106)
(3937, 111)
(3939, 54)
(3942, 304)
(3944, 24)
(3946, 92)
(3948, 118)
(3949, 141)
(3950, 101)
(3951, 93)
(3952, 75)
(3954, 45)
(3955, 185)
(3957, 256)
(3958, 83)
(3959, 24)
(3960, 73)
(3961, 75)
(3964, 16)
(3968, 28)
(3970, 88)
(3971, 43)
(3973, 95)
(3976, 32)
(3977, 49)
(3979, 291)
(3980, 134)
(3981, 641)
(3982, 223)
(3983, 24)
(3984, 429)
(3985, 78)
(3989, 45)
(3990, 71)
(3991, 337)
(3993, 118)
(3994, 132)
(3995, 222)
(3996, 48)
(3997, 116)
(3999, 114)
(4000, 82)
(4005, 519)
(4012, 164)
(4014, 82)
(4015, 86)
(4016, 523)
(4019, 311)
(4021, 42)
(4022, 256)
(4023, 64)
(4025, 25)
(4026, 576)
(4027, 419)
(4028, 241)
(4029, 90)
(4031, 257)
(4032, 24)
(4033, 100)
(4035, 91)
(4036, 92)
(4038, 92)
(4039, 215)
(4040, 108)
(4041, 215)
(4043, 204)
(4045, 316)
(4047, 93)
(4048, 204)
(4049, 842)
(4051, 84)
(4052, 403)
(4054, 123)
(4055, 209)
(4056, 113)
(4057, 326)
(4058, 230)
(4061, 391)
(4062, 26)
(4063, 219)
(4064, 265)
(4065, 54)
(4066, 92)
(4067, 947)
(4069, 222)
(4071, 577)
(4074, 217)
(4075, 212)
(4076, 107)
(4077, 65)
(4078, 163)
(4080, 95)
(4081, 457)
(4083, 111)
(4084, 57)
(4085, 88)
(4087, 24)
(4088, 122)
(4089, 146)
(4090, 58)
(4091, 58)
(4092, 87)
(4093, 689)
(4094, 70)
(4096, 213)
(4097, 106)
(4098, 198)
(4099, 121)
(4100, 85)
(4101, 484)
(4103, 123)
(4105, 35)
(4106, 384)
(4107, 149)
(4111, 105)
(4113, 238)
(4114, 26)
(4115, 96)
(4117, 124)
(4120, 132)
(4122, 208)
(4123, 84)
(4125, 215)
(4127, 403)
(4129, 215)
(4131, 115)
(4132, 325)
(4133, 217)
(4135, 105)
(4138, 97)
(4139, 92)
(4141, 42)
(4142, 41)
(4143, 293)
(4144, 25)
(4145, 147)
(4146, 106)
(4147, 179)
(4148, 20)
(4149, 54)
(4150, 28)
(4152, 375)
(4153, 159)
(4155, 75)
(4156, 420)
(4157, 48)
(4158, 219)
(4159, 64)
(4160, 498)
(4161, 72)
(4162, 114)
(4164, 22)
(4165, 779)
(4167, 108)
(4169, 63)
(4170, 124)
(4171, 75)
(4172, 135)
(4173, 200)
(4174, 553)
(4175, 67)
(4176, 26)
(4177, 24)
(4178, 43)
(4182, 155)
(4184, 47)
(4185, 22)
(4188, 64)
(4189, 35)
(4192, 100)
(4193, 22)
(4194, 45)
(4199, 138)
(4201, 145)
(4203, 76)
(4204, 208)
(4205, 157)
(4206, 56)
(4209, 90)
(4210, 24)
(4212, 117)
(4215, 132)
(4216, 87)
(4218, 89)
(4219, 46)
(4220, 46)
(4223, 507)
(4227, 151)
(4228, 25)
(4229, 226)
(4231, 94)
(4232, 633)
(4233, 278)
(4235, 81)
(4237, 67)
(4238, 103)
(4239, 73)
(4240, 23)
(4241, 23)
(4245, 25)
(4246, 388)
(4249, 108)
(4253, 25)
(4255, 69)
(4257, 29)
(4258, 31)
(4259, 177)
(4261, 39)
(4266, 424)
(4267, 633)
(4273, 43)
(4275, 91)
(4276, 44)
(4277, 251)
(4278, 30)
(4279, 24)
(4280, 28)
(4281, 38)
(4282, 24)
(4284, 20)
(4285, 24)
(4286, 133)
(4288, 34)
(4289, 374)
(4290, 878)
(4291, 291)
(4292, 66)
(4293, 22)
(4296, 105)
(4297, 249)
(4298, 54)
(4301, 81)
(4302, 37)
(4303, 422)
(4304, 172)
(4305, 51)
(4306, 52)
(4307, 96)
(4310, 280)
(4313, 72)
(4314, 288)
(4315, 341)
(4318, 82)
(4323, 91)
(4327, 44)
(4328, 84)
(4330, 73)
(4331, 24)
(4333, 113)
(4337, 64)
(4338, 118)
(4339, 65)
(4340, 421)
(4341, 32)
(4343, 109)
(4344, 25)
(4345, 114)
(4346, 124)
(4347, 139)
(4349, 96)
(4351, 43)
(4353, 69)
(4356, 255)
(4357, 44)
(4358, 49)
(4360, 98)
(4361, 55)
(4363, 79)
(4364, 189)
(4365, 215)
(4366, 62)
(4367, 292)
(4369, 344)
(4370, 52)
(4371, 51)
(4372, 92)
(4374, 85)
(4376, 47)
(4378, 67)
(4380, 24)
(4382, 305)
(4384, 24)
(4385, 45)
(4386, 86)
(4387, 24)
(4388, 23)
(4389, 24)
(4392, 162)
(4397, 23)
(4398, 24)
(4399, 25)
(4401, 75)
(4404, 82)
(4405, 431)
(4407, 330)
(4408, 96)
(4409, 24)
(4410, 92)
(4411, 91)
(4412, 24)
(4419, 46)
(4420, 56)
(4425, 365)
(4429, 207)
(4431, 225)
(4433, 10)
(4434, 28)
(4436, 282)
(4437, 63)
(4438, 59)
(4439, 24)
(4440, 25)
(4445, 2)
(4446, 24)
(4447, 156)
(4449, 30)
(4451, 47)
(4452, 26)
(4453, 79)
(4454, 36)
(4455, 26)
(4457, 48)
(4458, 129)
(4459, 25)
(4460, 24)
(4462, 30)
(4465, 144)
(4466, 26)
(4467, 122)
(4468, 2)
(4470, 746)
(4472, 50)
(4473, 26)
(4474, 99)
(4475, 96)
(4476, 145)
(4477, 777)
(4478, 91)
(4480, 26)
(4481, 63)
(4483, 28)
(4484, 30)
(4486, 22)
(4487, 32)
(4488, 213)
(4490, 588)
(4493, 67)
(4494, 98)
(4498, 51)
(4499, 32)
(4503, 171)
(4504, 47)
(4505, 38)
(4507, 107)
(4509, 24)
(4510, 171)
(4512, 25)
(4513, 201)
(4514, 141)
(4515, 28)
(4516, 22)
(4517, 67)
(4518, 430)
(4519, 85)
(4521, 28)
(4523, 53)
(4524, 259)
(4525, 128)
(4532, 34)
(4533, 34)
(4534, 42)
(4536, 105)
(4537, 72)
(4541, 124)
(4544, 119)
(4548, 710)
(4549, 133)
(4551, 82)
(4552, 376)
(4554, 62)
(4555, 197)
(4558, 28)
(4560, 24)
(4562, 85)
(4564, 520)
(4569, 141)
(4573, 324)
(4574, 85)
(4576, 235)
(4577, 117)
(4578, 26)
(4579, 97)
(4581, 93)
(4583, 66)
(4584, 100)
(4585, 101)
(4586, 40)
(4590, 108)
(4591, 141)
(4592, 86)
(4593, 319)
(4595, 213)
(4599, 121)
(4600, 107)
(4602, 703)
(4603, 536)
(4604, 106)
(4605, 86)
(4606, 67)
(4609, 251)
(4610, 180)
(4613, 75)
(4615, 65)
(4616, 102)
(4617, 112)
(4620, 2)
(4621, 330)
(4622, 168)
(4623, 139)
(4625, 840)
(4629, 119)
(4630, 779)
(4631, 85)
(4632, 199)
(4633, 118)
(4634, 121)
(4635, 30)
(4636, 289)
(4637, 73)
(4638, 111)
(4640, 192)
(4641, 110)
(4644, 83)
(4648, 94)
(4649, 67)
(4650, 111)
(4652, 28)
(4654, 103)
(4656, 24)
(4657, 77)
(4658, 24)
(4659, 123)
(4660, 76)
(4662, 144)
(4664, 165)
(4665, 565)
(4666, 103)
(4671, 74)
(4675, 16)
(4678, 117)
(4679, 225)
(4680, 103)
(4681, 102)
(4682, 106)
(4686, 121)
(4687, 82)
(4689, 310)
(4690, 222)
(4691, 413)
(4692, 614)
(4695, 215)
(4696, 92)
(4697, 113)
(4698, 30)
(4700, 60)
(4703, 103)
(4708, 94)
(4709, 118)
(4711, 112)
(4712, 102)
(4713, 144)
(4714, 165)
(4717, 103)
(4719, 97)
(4720, 170)
(4729, 34)
(4732, 112)
(4733, 176)
(4735, 249)
(4739, 106)
(4740, 114)
(4741, 116)
(4742, 63)
(4743, 26)
(4744, 515)
(4745, 74)
(4747, 64)
(4748, 122)
(4751, 170)
(4755, 76)
(4756, 116)
(4758, 22)
(4759, 22)
(4761, 18)
(4763, 22)
(4765, 58)
(4768, 38)
(4769, 124)
(4770, 26)
(4771, 395)
(4772, 273)
(4773, 46)
(4774, 205)
(4775, 59)
(4776, 61)
(4777, 128)
(4778, 110)
(4779, 56)
(4780, 33)
(4781, 230)
(4782, 28)
(4783, 119)
(4785, 220)
(4787, 68)
(4788, 144)
(4791, 72)
(4792, 91)
(4794, 81)
(4795, 177)
(4796, 129)
(4797, 63)
(4798, 96)
(4801, 27)
(4803, 57)
(4804, 74)
(4805, 25)
(4806, 191)
(4807, 122)
(4809, 658)
(4810, 208)
(4812, 59)
(4814, 51)
(4816, 237)
(4818, 102)
(4819, 56)
(4820, 44)
(4821, 23)
(4822, 90)
(4824, 404)
(4825, 129)
(4827, 106)
(4829, 103)
(4831, 24)
(4832, 2)
(4833, 108)
(4835, 109)
(4841, 92)
(4843, 34)
(4845, 93)
(4848, 102)
(4850, 78)
(4867, 200)
(4881, 88)
(4882, 198)
(4884, 296)
(4887, 75)
(4889, 24)
(4890, 176)
(4892, 68)
(4893, 507)
(4894, 59)
(4898, 311)
(4900, 24)
(4901, 85)
(4903, 83)
(4904, 16)
(4905, 158)
(4908, 122)
(4910, 138)
(4911, 39)
(4914, 83)
(4918, 76)
(4920, 42)
(4922, 109)
(4925, 30)
(4929, 30)
(4930, 106)
(4933, 251)
(4934, 71)
(4937, 118)
(4938, 240)
(4939, 226)
(4941, 216)
(4944, 1005)
(4951, 403)
(4952, 95)
(4953, 428)
(4954, 51)
(4955, 71)
(4956, 22)
(4959, 22)
(4960, 28)
(4962, 223)
(4963, 86)
(4964, 90)
(4965, 97)
(4970, 183)
(4972, 74)
(4974, 164)
(4976, 53)
(4981, 92)
(4983, 290)
(4987, 100)
(4988, 489)
(4990, 24)
(4991, 34)
(4993, 111)
(4998, 25)
(4999, 23)
(5001, 81)
(5002, 80)
(5003, 282)
(5009, 129)
(5012, 24)
(5013, 31)
(5015, 68)
(5017, 24)
(5018, 36)
(5020, 117)
(5021, 25)
(5029, 46)
(5031, 107)
(5033, 175)
(5034, 71)
(5037, 131)
(5040, 127)
(5042, 86)
(5043, 69)
(5044, 104)
(5046, 24)
(5048, 54)
(5050, 53)
(5051, 50)
(5052, 105)
(5053, 49)
(5054, 26)
(5055, 67)
(5056, 131)
(5057, 360)
(5058, 79)
(5059, 28)
(5060, 58)
(5061, 358)
(5062, 20)
(5068, 20)
(5070, 969)
(5071, 221)
(5072, 54)
(5076, 86)
(5077, 95)
(5078, 34)
(5080, 110)
(5081, 61)
(5082, 79)
(5083, 25)
(5084, 51)
(5085, 24)
(5086, 35)
(5089, 94)
(5090, 57)
(5091, 88)
(5092, 175)
(5094, 136)
(5095, 94)
(5097, 81)
(5100, 25)
(5102, 79)
(5105, 61)
(5109, 591)
(5112, 62)
(5113, 206)
(5114, 64)
(5115, 171)
(5116, 276)
(5117, 94)
(5118, 228)
(5119, 216)
(5121, 97)
(5123, 166)
(5125, 135)
(5126, 93)
(5127, 500)
(5128, 93)
(5132, 163)
(5134, 290)
(5138, 30)
(5139, 504)
(5141, 83)
(5142, 45)
(5145, 232)
(5146, 78)
(5148, 156)
(5149, 173)
(5150, 354)
(5152, 111)
(5153, 183)
(5154, 184)
(5156, 286)
(5160, 212)
(5162, 184)
(5166, 26)
(5167, 700)
(5168, 278)
(5169, 475)
(5171, 653)
(5172, 439)
(5175, 115)
(5176, 690)
(5177, 314)
(5178, 320)
(5181, 280)
(5183, 213)
(5185, 166)
(5188, 88)
(5189, 221)
(5190, 362)
(5191, 110)
(5192, 280)
(5193, 283)
(5194, 98)
(5195, 220)
(5196, 198)
(5201, 674)
(5203, 303)
(5204, 28)
(5205, 93)
(5206, 559)
(5207, 120)
(5209, 120)
(5210, 249)
(5212, 97)
(5214, 1123)
(5215, 87)
(5216, 170)
(5218, 102)
(5219, 120)
(5220, 108)
(5222, 131)
(5223, 98)
(5226, 256)
(5228, 90)
(5231, 104)
(5232, 82)
(5234, 348)
(5235, 367)
(5236, 90)
(5237, 43)
(5238, 82)
(5240, 66)
(5241, 316)
(5243, 109)
(5244, 395)
(5245, 81)
(5250, 213)
(5251, 38)
(5253, 215)
(5254, 32)
(5255, 197)
(5256, 180)
(5257, 82)
(5258, 932)
(5260, 109)
(5264, 108)
(5266, 103)
(5268, 318)
(5269, 63)
(5270, 340)
(5271, 444)
(5272, 107)
(5273, 699)
(5274, 160)
(5276, 124)
(5277, 89)
(5278, 305)
(5279, 209)
(5280, 213)
(5281, 166)
(5283, 173)
(5284, 22)
(5285, 424)
(5286, 317)
(5287, 77)
(5288, 212)
(5290, 787)
(5291, 206)
(5292, 93)
(5293, 176)
(5295, 270)
(5296, 53)
(5297, 62)
(5299, 129)
(5300, 31)
(5303, 45)
(5304, 66)
(5308, 35)
(5309, 92)
(5312, 73)
(5313, 53)
(5314, 60)
(5315, 225)
(5316, 64)
(5317, 92)
(5318, 902)
(5320, 28)
(5321, 107)
(5323, 191)
(5326, 22)
(5327, 97)
(5328, 111)
(5329, 20)
(5330, 126)
(5331, 143)
(5332, 72)
(5333, 56)
(5334, 86)
(5335, 284)
(5336, 2)
(5338, 281)
(5339, 231)
(5340, 77)
(5342, 75)
(5344, 28)
(5345, 654)
(5346, 24)
(5349, 86)
(5350, 44)
(5351, 89)
(5352, 276)
(5354, 61)
(5355, 30)
(5356, 68)
(5357, 60)
(5358, 45)
(5359, 123)
(5360, 52)
(5362, 2)
(5363, 159)
(5366, 270)
(5367, 47)
(5371, 219)
(5373, 26)
(5375, 30)
(5376, 888)
(5377, 360)
(5378, 28)
(5379, 164)
(5382, 383)
(5383, 115)
(5385, 112)
(5388, 92)
(5389, 120)
(5390, 181)
(5391, 409)
(5392, 239)
(5394, 546)
(5396, 73)
(5398, 113)
(5400, 133)
(5402, 30)
(5404, 84)
(5407, 66)
(5408, 141)
(5409, 75)
(5410, 103)
(5411, 170)
(5412, 589)
(5414, 24)
(5415, 63)
(5416, 63)
(5417, 73)
(5421, 84)
(5422, 113)
(5423, 111)
(5426, 73)
(5429, 121)
(5431, 114)
(5434, 16)
(5435, 117)
(5437, 102)
(5438, 92)
(5439, 53)
(5440, 56)
(5441, 72)
(5442, 120)
(5443, 94)
(5444, 31)
(5445, 210)
(5447, 167)
(5451, 27)
(5452, 93)
(5453, 224)
(5454, 141)
(5455, 112)
(5456, 228)
(5458, 410)
(5460, 32)
(5461, 47)
(5464, 61)
(5465, 139)
(5467, 553)
(5469, 51)
(5470, 42)
(5471, 631)
(5472, 257)
(5473, 800)
(5474, 184)
(5475, 76)
(5476, 23)
(5477, 49)
(5481, 117)
(5483, 27)
(5485, 293)
(5487, 94)
(5490, 24)
(5491, 92)
(5492, 25)
(5494, 47)
(5495, 43)
(5496, 29)
(5498, 26)
(5499, 116)
(5500, 94)
(5501, 64)
(5502, 24)
(5505, 114)
(5506, 146)
(5507, 389)
(5508, 162)
(5511, 212)
(5516, 301)
(5517, 92)
(5518, 151)
(5520, 97)
(5522, 24)
(5523, 202)
(5525, 191)
(5526, 178)
(5528, 26)
(5530, 53)
(5531, 116)
(5532, 48)
(5533, 73)
(5535, 28)
(5537, 70)
(5538, 45)
(5540, 43)
(5541, 162)
(5542, 497)
(5543, 112)
(5544, 108)
(5545, 27)
(5546, 24)
(5549, 18)
(5553, 48)
(5554, 333)
(5555, 27)
(5556, 29)
(5558, 142)
(5559, 106)
(5561, 775)
(5563, 90)
(5564, 123)
(5565, 54)
(5566, 46)
(5567, 105)
(5568, 26)
(5570, 454)
(5571, 22)
(5572, 26)
(5573, 95)
(5575, 49)
(5576, 95)
(5579, 47)
(5582, 74)
(5583, 75)
(5585, 200)
(5586, 123)
(5592, 79)
(5593, 55)
(5594, 38)
(5595, 73)
(5596, 83)
(5597, 118)
(5598, 271)
(5600, 66)
(5602, 50)
(5603, 22)
(5604, 25)
(5606, 28)
(5608, 69)
(5609, 101)
(5610, 196)
(5611, 133)
(5615, 63)
(5617, 30)
(5620, 107)
(5624, 53)
(5627, 86)
(5629, 29)
(5630, 136)
(5632, 79)
(5634, 24)
(5635, 146)
(5636, 122)
(5637, 26)
(5639, 111)
(5640, 112)
(5641, 100)
(5643, 318)
(5644, 107)
(5647, 121)
(5648, 128)
(5650, 30)
(5652, 36)
(5654, 61)
(5655, 131)
(5657, 84)
(5658, 68)
(5659, 88)
(5660, 105)
(5661, 100)
(5662, 24)
(5663, 24)
(5664, 24)
(5665, 88)
(5667, 214)
(5669, 30)
(5670, 108)
(5671, 214)
(5672, 111)
(5675, 85)
(5677, 47)
(5678, 26)
(5679, 32)
(5680, 90)
(5682, 58)
(5683, 254)
(5684, 300)
(5686, 117)
(5687, 24)
(5688, 24)
(5689, 91)
(5690, 515)
(5692, 297)
(5693, 90)
(5694, 32)
(5701, 24)
(5702, 403)
(5706, 223)
(5707, 32)
(5708, 104)
(5710, 479)
(5711, 426)
(5712, 216)
(5713, 121)
(5715, 22)
(5716, 28)
(5717, 293)
(5719, 177)
(5720, 23)
(5721, 23)
(5722, 24)
(5723, 55)
(5724, 188)
(5725, 78)
(5727, 311)
(5729, 23)
(5731, 41)
(5732, 76)
(5734, 108)
(5737, 102)
(5738, 60)
(5739, 175)
(5740, 97)
(5741, 104)
(5742, 48)
(5743, 46)
(5744, 162)
(5746, 197)
(5749, 36)
(5750, 269)
(5751, 115)
(5752, 384)
(5754, 26)
(5755, 268)
(5756, 201)
(5757, 98)
(5758, 33)
(5761, 616)
(5762, 90)
(5764, 28)
(5765, 442)
(5767, 183)
(5768, 30)
(5769, 345)
(5778, 635)
(5779, 460)
(5780, 76)
(5782, 90)
(5783, 55)
(5785, 106)
(5786, 441)
(5787, 615)
(5788, 248)
(5789, 244)
(5791, 95)
(5792, 290)
(5793, 318)
(5796, 326)
(5797, 38)
(5798, 90)
(5800, 696)
(5803, 28)
(5804, 32)
(5805, 321)
(5807, 113)
(5808, 770)
(5810, 226)
(5811, 125)
(5812, 323)
(5814, 34)
(5815, 75)
(5818, 97)
(5819, 95)
(5822, 97)
(5826, 71)
(5827, 492)
(5830, 214)
(5833, 68)
(5835, 194)
(5836, 108)
(5838, 28)
(5839, 77)
(5841, 254)
(5842, 174)
(5845, 28)
(5847, 193)
(5848, 320)
(5849, 140)
(5850, 396)
(5852, 212)
(5854, 68)
(5858, 635)
(5861, 44)
(5866, 94)
(5868, 228)
(5870, 250)
(5873, 105)
(5875, 48)
(5876, 46)
(5879, 510)
(5880, 76)
(5883, 36)
(5886, 178)
(5887, 281)
(5888, 728)
(5889, 124)
(5894, 100)
(5895, 400)
(5896, 383)
(5898, 53)
(5899, 140)
(5900, 108)
(5901, 43)
(5902, 142)
(5905, 35)
(5906, 31)
(5908, 149)
(5909, 89)
(5910, 110)
(5911, 56)
(5912, 31)
(5913, 23)
(5914, 25)
(5915, 18)
(5919, 133)
(5922, 25)
(5925, 67)
(5926, 30)
(5930, 44)
(5931, 78)
(5932, 73)
(5933, 49)
(5934, 113)
(5935, 126)
(5937, 53)
(5938, 47)
(5939, 24)
(5941, 594)
(5945, 56)
(5946, 89)
(5947, 117)
(5949, 77)
(5950, 57)
(5951, 64)
(5954, 251)
(5955, 118)
(5957, 88)
(5958, 72)
(5960, 20)
(5964, 188)
(5965, 198)
(5967, 54)
(5968, 49)
(5969, 67)
(5972, 144)
(5973, 322)
(5974, 34)
(5975, 49)
(5976, 58)
(5977, 46)
(5980, 26)
(5981, 22)
(5982, 26)
(5984, 37)
(5985, 1162)
(5986, 146)
(5991, 66)
(5993, 58)
(5994, 46)
(5998, 82)
(6000, 109)
(6003, 66)
(6005, 46)
(6006, 108)
(6010, 46)
(6013, 24)
(6014, 79)
(6017, 59)
(6018, 28)
(6020, 47)
(6023, 239)
(6025, 209)
(6026, 22)
(6027, 83)
(6030, 72)
(6033, 25)
(6034, 200)
(6035, 94)
(6037, 244)
(6041, 32)
(6042, 43)
(6043, 25)
(6044, 20)
(6046, 55)
(6047, 213)
(6048, 43)
(6051, 54)
(6054, 131)
(6055, 26)
(6056, 114)
(6058, 185)
(6059, 89)
(6060, 386)
(6062, 295)
(6063, 165)
(6065, 109)
(6067, 109)
(6068, 28)
(6069, 20)
(6070, 113)
(6073, 101)
(6075, 172)
(6078, 35)
(6079, 289)
(6081, 106)
(6082, 149)
(6083, 236)
(6084, 110)
(6085, 172)
(6086, 626)
(6088, 54)
(6090, 528)
(6091, 531)
(6092, 124)
(6093, 84)
(6094, 47)
(6096, 100)
(6101, 88)
(6102, 31)
(6103, 82)
(6104, 85)
(6105, 73)
(6106, 49)
(6107, 49)
(6108, 626)
(6111, 109)
(6113, 161)
(6114, 169)
(6115, 67)
(6116, 120)
(6119, 259)
(6120, 32)
(6121, 255)
(6123, 73)
(6124, 97)
(6125, 345)
(6127, 221)
(6128, 271)
(6129, 63)
(6130, 48)
(6134, 42)
(6135, 82)
(6137, 311)
(6138, 111)
(6142, 135)
(6146, 113)
(6147, 44)
(6149, 86)
(6153, 336)
(6154, 25)
(6155, 24)
(6156, 764)
(6157, 570)
(6158, 240)
(6159, 22)
(6163, 285)
(6165, 83)
(6166, 105)
(6169, 271)
(6172, 40)
(6173, 25)
(6175, 43)
(6176, 36)
(6177, 459)
(6178, 112)
(6179, 105)
(6180, 252)
(6181, 93)
(6184, 224)
(6185, 28)
(6186, 26)
(6187, 87)
(6188, 48)
(6189, 202)
(6197, 770)
(6198, 89)
(6199, 65)
(6201, 444)
(6202, 322)
(6204, 2)
(6205, 25)
(6208, 150)
(6209, 480)
(6211, 49)
(6212, 24)
(6213, 103)
(6214, 123)
(6215, 344)
(6217, 345)
(6218, 127)
(6220, 100)
(6221, 120)
(6222, 59)
(6223, 86)
(6225, 358)
(6227, 31)
(6231, 45)
(6232, 56)
(6233, 38)
(6234, 110)
(6235, 26)
(6236, 26)
(6239, 69)
(6240, 64)
(6242, 50)
(6243, 34)
(6244, 68)
(6246, 109)
(6248, 108)
(6252, 24)
(6253, 171)
(6254, 73)
(6257, 75)
(6259, 340)
(6264, 119)
(6265, 205)
(6267, 129)
(6269, 196)
(6271, 95)
(6273, 44)
(6274, 79)
(6275, 36)
(6276, 48)
(6277, 104)
(6278, 64)
(6279, 63)
(6280, 25)
(6282, 149)
(6283, 74)
(6287, 78)
(6288, 64)
(6293, 92)
(6294, 36)
(6295, 23)
(6296, 203)
(6297, 62)
(6298, 54)
(6299, 52)
(6301, 169)
(6305, 24)
(6306, 24)
(6309, 131)
(6310, 117)
(6311, 29)
(6312, 85)
(6313, 82)
(6315, 70)
(6317, 175)
(6323, 79)
(6324, 26)
(6325, 80)
(6326, 393)
(6331, 123)
(6333, 28)
(6335, 109)
(6337, 291)
(6338, 674)
(6339, 98)
(6340, 297)
(6341, 68)
(6342, 26)
(6344, 221)
(6346, 862)
(6347, 32)
(6348, 201)
(6349, 148)
(6350, 136)
(6352, 397)
(6353, 332)
(6354, 74)
(6355, 22)
(6356, 55)
(6357, 775)
(6358, 57)
(6359, 175)
(6361, 170)
(6362, 26)
(6364, 24)
(6365, 32)
(6366, 30)
(6368, 186)
(6369, 162)
(6371, 91)
(6372, 60)
(6373, 248)
(6375, 172)
(6376, 457)
(6382, 232)
(6384, 94)
(6385, 62)
(6386, 210)
(6394, 20)
(6398, 24)
(6399, 71)
(6400, 837)
(6402, 308)
(6404, 170)
(6405, 22)
(6406, 541)
(6407, 224)
(6410, 520)
(6412, 86)
(6413, 123)
(6414, 108)
(6416, 30)
(6417, 24)
(6419, 76)
(6420, 55)
(6421, 101)
(6422, 82)
(6425, 146)
(6426, 614)
(6427, 200)
(6428, 362)
(6430, 212)
(6432, 275)
(6433, 178)
(6434, 170)
(6435, 22)
(6436, 127)
(6437, 74)
(6438, 232)
(6440, 30)
(6441, 68)
(6442, 223)
(6443, 24)
(6445, 96)
(6447, 153)
(6449, 26)
(6450, 97)
(6451, 195)
(6452, 92)
(6453, 310)
(6454, 71)
(6455, 57)
(6456, 119)
(6457, 22)
(6458, 64)
(6459, 24)
(6460, 27)
(6461, 111)
(6463, 616)
(6464, 227)
(6465, 161)
(6466, 113)
(6471, 481)
(6473, 405)
(6474, 25)
(6475, 70)
(6476, 69)
(6477, 100)
(6478, 36)
(6481, 480)
(6483, 132)
(6484, 30)
(6485, 84)
(6486, 160)
(6488, 102)
(6491, 56)
(6492, 556)
(6493, 290)
(6494, 112)
(6495, 57)
(6496, 53)
(6497, 93)
(6498, 62)
(6499, 33)
(6500, 63)
(6502, 127)
(6503, 157)
(6504, 81)
(6505, 26)
(6506, 23)
(6507, 51)
(6509, 24)
(6511, 104)
(6514, 25)
(6515, 189)
(6520, 30)
(6521, 49)
(6522, 77)
(6523, 70)
(6524, 53)
(6525, 108)
(6527, 93)
(6528, 24)
(6529, 68)
(6531, 713)
(6532, 51)
(6533, 44)
(6534, 34)
(6535, 88)
(6537, 91)
(6538, 52)
(6539, 107)
(6540, 67)
(6541, 653)
(6542, 32)
(6543, 108)
(6546, 195)
(6547, 197)
(6549, 62)
(6551, 78)
(6552, 59)
(6556, 69)
(6557, 211)
(6559, 106)
(6561, 192)
(6562, 157)
(6568, 33)
(6572, 25)
(6573, 49)
(6575, 25)
(6576, 305)
(6577, 51)
(6578, 128)
(6581, 315)
(6583, 65)
(6584, 26)
(6585, 147)
(6586, 85)
(6588, 545)
(6590, 95)
(6591, 130)
(6592, 242)
(6593, 333)
(6594, 105)
(6595, 136)
(6596, 99)
(6597, 51)
(6598, 152)
(6601, 69)
(6603, 565)
(6604, 96)
(6606, 354)
(6607, 28)
(6609, 35)
(6611, 24)
(6612, 80)
(6616, 60)
(6619, 189)
(6620, 47)
(6621, 109)
(6622, 163)
(6623, 112)
(6626, 110)
(6629, 25)
(6630, 110)
(6632, 91)
(6635, 139)
(6636, 75)
(6637, 99)
(6638, 86)
(6639, 259)
(6641, 72)
(6642, 43)
(6647, 26)
(6650, 26)
(6652, 127)
(6653, 197)
(6654, 18)
(6655, 66)
(6656, 888)
(6657, 1162)
(6658, 215)
(6659, 55)
(6660, 122)
(6661, 33)
(6665, 737)
(6666, 36)
(6668, 56)
(6669, 53)
(6670, 111)
(6672, 106)
(6673, 24)
(6674, 73)
(6675, 26)
(6677, 110)
(6679, 59)
(6680, 47)
(6681, 68)
(6682, 75)
(6683, 26)
(6684, 24)
(6685, 26)
(6686, 24)
(6687, 47)
(6689, 352)
(6694, 91)
(6695, 42)
(6696, 23)
(6697, 59)
(6699, 167)
(6701, 49)
(6702, 68)
(6705, 24)
(6707, 220)
(6708, 654)
(6709, 37)
(6710, 58)
(6711, 65)
(6712, 118)
(6713, 2)
(6714, 139)
(6716, 417)
(6719, 317)
(6720, 487)
(6721, 289)
(6722, 796)
(6723, 66)
(6725, 154)
(6726, 327)
(6729, 59)
(6730, 26)
(6731, 52)
(6732, 101)
(6733, 24)
(6734, 72)
(6735, 94)
(6737, 120)
(6738, 80)
(6739, 54)
(6740, 127)
(6741, 50)
(6742, 498)
(6743, 42)
(6744, 232)
(6746, 158)
(6747, 80)
(6748, 109)
(6751, 68)
(6752, 490)
(6757, 136)
(6758, 128)
(6759, 54)
(6760, 205)
(6761, 39)
(6762, 82)
(6763, 77)
(6764, 95)
(6765, 59)
(6767, 77)
(6770, 417)
(6771, 66)
(6773, 39)
(6774, 31)
(6776, 24)
(6777, 25)
(6778, 119)
(6779, 59)
(6783, 38)
(6784, 127)
(6785, 42)
(6787, 241)
(6788, 134)
(6789, 102)
(6790, 37)
(6791, 216)
(6794, 27)
(6797, 169)
(6798, 139)
(6799, 46)
(6801, 26)
(6802, 26)
(6804, 107)
(6805, 18)
(6807, 68)
(6809, 49)
(6810, 93)
(6811, 247)
(6813, 61)
(6814, 43)
(6815, 287)
(6816, 314)
(6817, 108)
(6818, 98)
(6819, 197)
(6825, 32)
(6827, 37)
(6828, 66)
(6830, 43)
(6831, 20)
(6836, 134)
(6837, 99)
(6840, 163)
(6841, 105)
(6844, 705)
(6846, 300)
(6848, 54)
(6849, 253)
(6850, 51)
(6852, 45)
(6853, 68)
(6855, 56)
(6856, 108)
(6859, 32)
(6860, 34)
(6861, 23)
(6862, 38)
(6863, 197)
(6864, 38)
(6865, 25)
(6866, 141)
(6869, 257)
(6871, 34)
(6872, 96)
(6873, 50)
(6874, 96)
(6875, 25)
(6876, 727)
(6877, 144)
(6880, 76)
(6881, 24)
(6882, 269)
(6884, 104)
(6886, 79)
(6887, 143)
(6888, 44)
(6890, 632)
(6893, 225)
(6894, 43)
(6897, 83)
(6898, 36)
(6903, 133)
(6905, 115)
(6906, 141)
(6907, 122)
(6908, 213)
(6909, 36)
(6912, 76)
(6913, 114)
(6914, 782)
(6917, 20)
(6920, 59)
(6922, 428)
(6926, 453)
(6927, 347)
(6928, 419)
(6929, 113)
(6930, 103)
(6931, 23)
(6934, 183)
(6935, 188)
(6939, 155)
(6941, 280)
(6942, 34)
(6943, 266)
(6944, 229)
(6945, 234)
(6946, 112)
(6951, 66)
(6952, 102)
(6953, 100)
(6954, 224)
(6955, 87)
(6957, 154)
(6959, 345)
(6960, 89)
(6961, 180)
(6964, 114)
(6965, 163)
(6968, 179)
(6969, 32)
(6970, 392)
(6972, 30)
(6975, 85)
(6976, 143)
(6981, 95)
(6982, 62)
(6983, 26)
(6985, 224)
(6986, 28)
(6993, 65)
(6994, 214)
(6995, 77)
(6996, 795)
(6998, 274)
(6999, 113)
(7000, 24)
(7001, 333)
(7003, 147)
(7004, 2)
(7005, 28)
(7006, 30)
(7007, 34)
(7008, 111)
(7009, 30)
(7010, 28)
(7011, 304)
(7012, 238)
(7013, 186)
(7014, 427)
(7015, 209)
(7020, 32)
(7023, 154)
(7024, 229)
(7027, 89)
(7029, 298)
(7030, 180)
(7031, 48)
(7032, 311)
(7036, 401)
(7037, 295)
(7039, 30)
(7041, 229)
(7043, 386)
(7045, 98)
(7046, 64)
(7047, 124)
(7048, 77)
(7049, 77)
(7052, 30)
(7057, 34)
(7058, 186)
(7060, 112)
(7061, 273)
(7062, 733)
(7063, 46)
(7064, 42)
(7065, 91)
(7066, 342)
(7067, 156)
(7068, 89)
(7070, 77)
(7071, 460)
(7072, 56)
(7073, 177)
(7074, 60)
(7075, 325)
(7076, 24)
(7077, 25)
(7078, 74)
(7079, 43)
(7080, 91)
(7083, 66)
(7085, 106)
(7087, 66)
(7088, 811)
(7090, 76)
(7092, 53)
(7093, 73)
(7096, 48)
(7097, 167)
(7098, 28)
(7099, 402)
(7100, 58)
(7101, 56)
(7102, 317)
(7103, 342)
(7104, 89)
(7106, 20)
(7107, 223)
(7109, 82)
(7110, 106)
(7111, 99)
(7113, 82)
(7115, 66)
(7117, 30)
(7119, 139)
(7120, 152)
(7123, 22)
(7124, 166)
(7126, 469)
(7128, 142)
(7129, 105)
(7130, 259)
(7132, 27)
(7133, 52)
(7135, 1067)
(7136, 119)
(7139, 79)
(7141, 68)
(7143, 268)
(7146, 25)
(7148, 27)
(7149, 101)
(7150, 261)
(7152, 28)
(7154, 191)
(7155, 338)
(7157, 56)
(7158, 66)
(7159, 78)
(7160, 76)
(7161, 461)
(7166, 86)
(7167, 48)
(7168, 56)
(7174, 364)
(7177, 126)
(7184, 60)
(7185, 66)
(7188, 28)
(7189, 33)
(7190, 42)
(7191, 36)
(7192, 65)
(7193, 63)
(7196, 227)
(7199, 40)
(7204, 22)
(7205, 30)
(7207, 55)
(7208, 20)
(7209, 48)
(7212, 124)
(7215, 63)
(7216, 165)
(7217, 89)
(7218, 68)
(7220, 78)
(7221, 99)
(7222, 304)
(7225, 84)
(7226, 68)
(7229, 63)
(7234, 73)
(7235, 22)
(7240, 280)
(7244, 40)
(7245, 58)
(7247, 57)
(7250, 23)
(7253, 118)
(7256, 20)
(7259, 69)
(7260, 404)
(7261, 72)
(7263, 435)
(7264, 119)
(7266, 26)
(7267, 25)
(7272, 79)
(7275, 24)
(7276, 41)
(7277, 24)
(7278, 25)
(7279, 26)
(7286, 36)
(7287, 228)
(7296, 45)
(7297, 26)
(7302, 43)
(7304, 615)
(7305, 95)
(7308, 466)
(7310, 305)
(7311, 114)
(7312, 201)
(7313, 631)
(7314, 88)
(7315, 112)
(7317, 37)
(7318, 91)
(7319, 266)
(7320, 24)
(7321, 24)
(7322, 82)
(7323, 212)
(7326, 665)
(7329, 26)
(7330, 85)
(7331, 50)
(7332, 224)
(7336, 236)
(7337, 100)
(7338, 62)
(7339, 26)
(7341, 50)
(7342, 285)
(7344, 64)
(7346, 24)
(7349, 67)
(7352, 115)
(7353, 50)
(7354, 61)
(7355, 376)
(7356, 699)
(7357, 133)
(7358, 74)
(7359, 167)
(7362, 68)
(7363, 36)
(7366, 802)
(7367, 112)
(7370, 46)
(7375, 450)
(7379, 102)
(7381, 129)
(7382, 150)
(7385, 25)
(7386, 94)
(7387, 26)
(7388, 61)
(7389, 28)
(7390, 28)
(7391, 767)
(7394, 165)
(7395, 143)
(7397, 163)
(7398, 63)
(7404, 61)
(7406, 113)
(7407, 94)
(7408, 251)
(7410, 44)
(7413, 26)
(7419, 28)
(7420, 28)
(7421, 85)
(7423, 330)
(7424, 292)
(7425, 30)
(7426, 34)
(7427, 217)
(7428, 318)
(7429, 133)
(7432, 49)
(7433, 68)
(7437, 95)
(7438, 94)
(7439, 52)
(7441, 50)
(7442, 217)
(7443, 211)
(7444, 99)
(7447, 96)
(7449, 51)
(7452, 67)
(7453, 52)
(7455, 120)
(7459, 44)
(7460, 103)
(7462, 56)
(7464, 61)
(7465, 138)
(7466, 38)
(7468, 31)
(7469, 95)
(7470, 91)
(7471, 482)
(7472, 22)
(7474, 25)
(7475, 109)
(7476, 44)
(7477, 294)
(7481, 141)
(7482, 118)
(7483, 57)
(7484, 101)
(7487, 26)
(7488, 45)
(7490, 120)
(7491, 63)
(7494, 86)
(7495, 89)
(7496, 177)
(7497, 58)
(7498, 27)
(7499, 664)
(7500, 306)
(7501, 152)
(7504, 66)
(7505, 46)
(7508, 18)
(7510, 167)
(7512, 343)
(7514, 96)
(7515, 213)
(7516, 78)
(7517, 22)
(7518, 24)
(7519, 23)
(7520, 24)
(7521, 193)
(7528, 24)
(7529, 166)
(7531, 108)
(7533, 169)
(7534, 234)
(7537, 198)
(7538, 299)
(7539, 213)
(7541, 57)
(7543, 277)
(7544, 96)
(7545, 819)
(7548, 132)
(7552, 210)
(7554, 26)
(7555, 51)
(7557, 159)
(7558, 176)
(7559, 73)
(7562, 103)
(7564, 28)
(7565, 111)
(7566, 630)
(7568, 102)
(7569, 141)
(7570, 133)
(7571, 114)
(7574, 30)
(7576, 237)
(7577, 137)
(7579, 124)
(7580, 34)
(7581, 36)
(7583, 445)
(7584, 162)
(7585, 60)
(7587, 156)
(7590, 26)
(7591, 62)
(7592, 169)
(7593, 297)
(7596, 296)
(7599, 83)
(7600, 215)
(7602, 2)
(7603, 101)
(7604, 112)
(7605, 350)
(7606, 161)
(7609, 123)
(7611, 166)
(7614, 156)
(7618, 63)
(7620, 69)
(7621, 50)
(7622, 25)
(7623, 103)
(7625, 199)
(7626, 193)
(7627, 166)
(7628, 626)
(7629, 306)
(7631, 45)
(7632, 312)
(7633, 197)
(7634, 61)
(7635, 177)
(7636, 42)
(7637, 22)
(7638, 22)
(7639, 112)
(7640, 105)
(7641, 24)
(7642, 208)
(7643, 437)
(7644, 233)
(7645, 296)
(7647, 114)
(7650, 265)
(7652, 86)
(7657, 25)
(7659, 224)
(7662, 271)
(7669, 244)
(7670, 69)
(7671, 131)
(7672, 105)
(7673, 110)
(7674, 106)
(7676, 50)
(7678, 117)
(7679, 68)
(7681, 25)
(7682, 25)
(7684, 159)
(7686, 50)
(7687, 284)
(7690, 34)
(7693, 167)
(7694, 29)
(7696, 74)
(7698, 53)
(7700, 139)
(7702, 25)
(7704, 91)
(7707, 29)
(7709, 24)
(7710, 445)
(7715, 148)
(7716, 55)
(7722, 252)
(7723, 74)
(7725, 73)
(7726, 38)
(7728, 46)
(7729, 63)
(7730, 53)
(7732, 23)
(7733, 413)
(7734, 55)
(7735, 55)
(7736, 94)
(7737, 75)
(7738, 30)
(7739, 76)
(7742, 633)
(7743, 26)
(7744, 2)
(7746, 25)
(7747, 250)
(7749, 124)
(7752, 150)
(7755, 33)
(7757, 49)
(7761, 24)
(7762, 76)
(7763, 171)
(7764, 22)
(7765, 443)
(7766, 33)
(7767, 389)
(7768, 25)
(7769, 55)
(7771, 330)
(7773, 34)
(7774, 48)
(7775, 329)
(7776, 25)
(7782, 25)
(7784, 32)
(7785, 28)
(7789, 141)
(7790, 69)
(7791, 212)
(7792, 409)
(7795, 20)
(7796, 200)
(7797, 200)
(7802, 329)
(7804, 306)
(7805, 24)
(7807, 30)
(7809, 104)
(7810, 172)
(7813, 79)
(7814, 49)
(7816, 98)
(7817, 78)
(7818, 103)
(7819, 22)
(7820, 108)
(7821, 52)
(7823, 198)
(7824, 124)
(7825, 68)
(7826, 52)
(7828, 28)
(7830, 82)
(7831, 109)
(7835, 26)
(7836, 68)
(7837, 26)
(7838, 81)
(7839, 97)
(7840, 38)
(7841, 107)
(7842, 139)
(7843, 27)
(7845, 35)
(7847, 115)
(7848, 84)
(7850, 24)
(7851, 25)
(7854, 99)
(7855, 62)
(7857, 28)
(7858, 24)
(7859, 34)
(7860, 22)
(7861, 25)
(7862, 22)
(7864, 85)
(7865, 109)
(7866, 62)
(7867, 93)
(7869, 75)
(7870, 247)
(7871, 197)
(7872, 210)
(7873, 484)
(7874, 92)
(7875, 98)
(7876, 188)
(7877, 243)
(7878, 20)
(7879, 244)
(7880, 46)
(7881, 18)
(7883, 86)
(7884, 44)
(7887, 40)
(7888, 83)
(7891, 68)
(7893, 284)
(7894, 24)
(7895, 76)
(7896, 87)
(7897, 84)
(7899, 117)
(7901, 216)
(7902, 152)
(7903, 188)
(7904, 343)
(7907, 191)
(7912, 79)
(7913, 23)
(7914, 36)
(7917, 377)
(7918, 435)
(7920, 30)
(7921, 58)
(7922, 24)
(7924, 108)
(7927, 655)
(7928, 78)
(7930, 139)
(7934, 525)
(7935, 75)
(7937, 483)
(7939, 133)
(7940, 355)
(7942, 24)
(7943, 30)
(7948, 77)
(7949, 50)
(7950, 231)
(7951, 103)
(7953, 116)
(7954, 71)
(7955, 24)
(7956, 28)
(7957, 116)
(7958, 48)
(7959, 254)
(7961, 131)
(7962, 123)
(7963, 118)
(7964, 126)
(7966, 107)
(7967, 60)
(7968, 139)
(7969, 22)
(7970, 94)
(7971, 28)
(7972, 361)
(7974, 49)
(7975, 52)
(7977, 293)
(7979, 43)
(7980, 58)
(7983, 56)
(7984, 33)
(7985, 114)
(7987, 21)
(7990, 25)
(7991, 2)
(7992, 76)
(7993, 119)
(7994, 46)
(7997, 67)
(8000, 192)
(8001, 60)
(8002, 18)
(8003, 214)
(8004, 624)
(8005, 53)
(8007, 42)
(8008, 327)
(8009, 624)
(8010, 214)
(8011, 22)
(8012, 77)
(8015, 332)
(8016, 23)
(8017, 61)
(8020, 121)
(8021, 147)
(8022, 247)
(8023, 115)
(8025, 2)
(8026, 59)
(8027, 110)
(8028, 24)
(8029, 488)
(8030, 65)
(8032, 104)
(8036, 78)
(8039, 181)
(8040, 212)
(8041, 463)
(8044, 537)
(8045, 105)
(8047, 60)
(8048, 40)
(8050, 71)
(8051, 71)
(8055, 814)
(8056, 136)
(8060, 730)
(8063, 220)
(8064, 111)
(8068, 312)
(8069, 650)
(8074, 554)
(8080, 490)
(8085, 382)
(8086, 201)
(8087, 67)
(8088, 288)
(8089, 93)
(8091, 495)
(8094, 193)
(8096, 228)
(8097, 308)
(8098, 755)
(8100, 354)
(8102, 178)
(8103, 117)
(8105, 200)
(8106, 430)
(8108, 184)
(8109, 365)
(8111, 196)
(8112, 54)
(8113, 218)
(8115, 709)
(8117, 385)
(8119, 93)
(8120, 30)
(8123, 30)
(8125, 107)
(8126, 69)
(8130, 339)
(8131, 304)
(8132, 184)
(8134, 277)
(8135, 310)
(8137, 831)
(8138, 122)
(8140, 174)
(8141, 283)
(8144, 20)
(8145, 66)
(8147, 92)
(8149, 127)
(8151, 298)
(8153, 180)
(8155, 109)
(8156, 220)
(8158, 208)
(8159, 97)
(8160, 307)
(8161, 237)
(8162, 326)
(8163, 154)
(8164, 223)
(8166, 327)
(8167, 122)
(8168, 128)
(8169, 2)
(8172, 204)
(8173, 343)
(8174, 112)
(8176, 293)
(8177, 124)
(8178, 225)
(8179, 293)
(8180, 18)
(8182, 33)
(8184, 117)
(8186, 430)
(8188, 365)
(8189, 308)
(8190, 138)
(8193, 241)
(8194, 76)
(8197, 50)
(8198, 489)
(8199, 62)
(8200, 529)
(8204, 155)
(8205, 240)
(8206, 112)
(8209, 150)
(8210, 651)
(8211, 88)
(8212, 80)
(8213, 99)
(8214, 123)
(8217, 92)
(8218, 24)
(8219, 33)
(8220, 79)
(8221, 84)
(8222, 209)
(8223, 20)
(8224, 114)
(8225, 301)
(8226, 50)
(8227, 49)
(8229, 130)
(8234, 126)
(8236, 53)
(8240, 135)
(8244, 131)
(8245, 20)
(8246, 79)
(8247, 105)
(8252, 606)
(8253, 20)
(8254, 29)
(8255, 41)
(8257, 192)
(8258, 291)
(8259, 114)
(8262, 188)
(8264, 60)
(8269, 24)
(8270, 30)
(8273, 139)
(8275, 87)
(8276, 76)
(8279, 18)
(8286, 47)
(8287, 64)
(8288, 125)
(8289, 82)
(8291, 80)
(8292, 58)
(8293, 59)
(8294, 46)
(8296, 53)
(8297, 27)
(8298, 84)
(8299, 93)
(8300, 81)
(8302, 24)
(8306, 53)
(8308, 157)
(8309, 76)
(8311, 240)
(8313, 78)
(8314, 346)
(8317, 47)
(8318, 47)
(8319, 97)
(8320, 92)
(8322, 100)
(8326, 28)
(8327, 85)
(8331, 245)
(8334, 87)
(8335, 54)
(8337, 85)
(8338, 28)
(8339, 55)
(8340, 52)
(8342, 177)
(8343, 22)
(8344, 55)
(8347, 126)
(8349, 150)
(8350, 50)
(8351, 69)
(8353, 58)
(8355, 94)
(8359, 196)
(8361, 75)
(8363, 54)
(8364, 46)
(8366, 33)
(8367, 60)
(8368, 16)
(8370, 51)
(8373, 172)
(8374, 125)
(8378, 25)
(8387, 28)
(8388, 72)
(8391, 92)
(8394, 88)
(8396, 122)
(8399, 31)
(8400, 336)
(8401, 67)
(8402, 24)
(8405, 191)
(8406, 131)
(8407, 46)
(8409, 28)
(8413, 266)
(8415, 109)
(8416, 437)
(8421, 573)
(8422, 195)
(8424, 51)
(8425, 33)
(8426, 25)
(8427, 394)
(8428, 79)
(8429, 18)
(8430, 187)
(8432, 58)
(8433, 26)
(8435, 92)
(8438, 341)
(8440, 352)
(8441, 773)
(8443, 28)
(8446, 204)
(8447, 72)
(8448, 42)
(8449, 216)
(8451, 94)
(8453, 191)
(8454, 31)
(8457, 95)
(8458, 26)
(8467, 72)
(8472, 157)
(8475, 89)
(8478, 230)
(8479, 80)
(8480, 84)
(8481, 42)
(8487, 32)
(8488, 53)
(8489, 96)
(8490, 24)
(8491, 25)
(8493, 127)
(8496, 140)
(8497, 274)
(8501, 25)
(8502, 35)
(8506, 508)
(8509, 196)
(8510, 334)
(8512, 224)
(8513, 86)
(8514, 81)
(8516, 253)
(8518, 176)
(8520, 29)
(8521, 94)
(8522, 290)
(8526, 214)
(8528, 55)
(8530, 42)
(8533, 14)
(8534, 22)
(8535, 251)
(8536, 20)
(8540, 78)
(8541, 155)
(8543, 55)
(8544, 77)
(8545, 36)
(8546, 60)
(8547, 117)
(8553, 155)
(8554, 104)
(8555, 28)
(8556, 25)
(8558, 51)
(8559, 54)
(8561, 559)
(8562, 43)
(8563, 551)
(8565, 47)
(8567, 106)
(8569, 765)
(8571, 117)
(8572, 71)
(8574, 90)
(8577, 65)
(8578, 300)
(8579, 97)
(8580, 79)
(8581, 132)
(8582, 54)
(8584, 20)
(8585, 444)
(8586, 26)
(8587, 26)
(8588, 108)
(8590, 26)
(8591, 98)
(8592, 399)
(8595, 646)
(8596, 223)
(8597, 402)
(8598, 394)
(8599, 299)
(8600, 328)
(8602, 263)
(8603, 128)
(8604, 158)
(8605, 18)
(8606, 299)
(8607, 191)
(8608, 260)
(8609, 24)
(8610, 118)
(8611, 185)
(8612, 28)
(8613, 160)
(8614, 101)
(8615, 332)
(8616, 36)
(8617, 24)
(8618, 431)
(8619, 125)
(8621, 571)
(8623, 289)
(8624, 100)
(8628, 526)
(8629, 95)
(8630, 418)
(8632, 261)
(8635, 296)
(8636, 117)
(8637, 293)
(8638, 110)
(8641, 101)
(8643, 22)
(8644, 180)
(8654, 148)
(8656, 160)
(8657, 98)
(8658, 191)
(8661, 338)
(8662, 399)
(8663, 261)
(8664, 571)
(8665, 22)
(8666, 526)
(8667, 296)
(8668, 152)
(8670, 135)
(8671, 247)
(8672, 118)
(8673, 24)
(8674, 101)
(8675, 336)
(8676, 260)
(8677, 256)
(8678, 73)
(8681, 190)
(8683, 200)
(8684, 91)
(8685, 116)
(8686, 135)
(8688, 223)
(8689, 173)
(8690, 99)
(8691, 272)
(8692, 105)
(8694, 68)
(8696, 114)
(8699, 105)
(8701, 28)
(8702, 202)
(8704, 210)
(8705, 347)
(8706, 255)
(8707, 340)
(8708, 190)
(8709, 20)
(8710, 191)
(8711, 313)
(8713, 93)
(8714, 756)
(8716, 236)
(8717, 91)
(8722, 34)
(8723, 239)
(8724, 29)
(8725, 296)
(8726, 75)
(8728, 74)
(8730, 146)
(8731, 26)
(8732, 67)
(8733, 53)
(8734, 82)
(8735, 119)
(8736, 24)
(8738, 62)
(8740, 65)
(8741, 59)
(8742, 52)
(8744, 74)
(8745, 93)
(8746, 950)
(8747, 407)
(8748, 133)
(8749, 251)
(8750, 64)
(8755, 247)
(8756, 191)
(8757, 174)
(8758, 28)
(8759, 141)
(8760, 53)
(8761, 206)
(8765, 295)
(8767, 57)
(8768, 34)
(8771, 217)
(8777, 82)
(8778, 266)
(8780, 202)
(8781, 81)
(8784, 73)
(8785, 24)
(8788, 24)
(8791, 140)
(8793, 58)
(8794, 65)
(8795, 62)
(8796, 503)
(8797, 56)
(8799, 232)
(8800, 274)
(8802, 112)
(8806, 96)
(8808, 24)
(8810, 52)
(8812, 20)
(8814, 30)
(8815, 389)
(8820, 767)
(8822, 14)
(8823, 217)
(8826, 59)
(8829, 104)
(8830, 57)
(8835, 152)
(8836, 82)
(8837, 24)
(8845, 253)
(8846, 97)
(8849, 120)
(8850, 86)
(8853, 200)
(8854, 235)
(8855, 195)
(8856, 210)
(8857, 124)
(8858, 27)
(8859, 26)
(8860, 86)
(8861, 227)
(8863, 252)
(8865, 58)
(8866, 199)
(8868, 45)
(8873, 201)
(8877, 118)
(8879, 103)
(8880, 120)
(8882, 396)
(8884, 563)
(8890, 83)
(8892, 83)
(8893, 64)
(8895, 152)
(8898, 26)
(8899, 82)
(8902, 397)
(8903, 167)
(8905, 110)
(8906, 203)
(8908, 23)
(8909, 101)
(8911, 28)
(8912, 25)
(8914, 123)
(8915, 51)
(8916, 97)
(8918, 20)
(8919, 48)
(8922, 154)
(8925, 42)
(8928, 24)
(8930, 24)
(8932, 458)
(8933, 245)
(8935, 72)
(8940, 360)
(8941, 240)
(8943, 968)
(8944, 445)
(8945, 148)
(8946, 62)
(8947, 69)
(8948, 122)
(8950, 206)
(8951, 71)
(8956, 96)
(8959, 144)
(8961, 608)
(8962, 169)
(8964, 371)
(8965, 53)
(8968, 19)
(8969, 58)
(8970, 53)
(8971, 393)
(8972, 26)
(8974, 423)
(8975, 86)
(8976, 133)
(8977, 73)
(8978, 70)
(8979, 190)
(8981, 71)
(8982, 241)
(8983, 28)
(8984, 24)
(8985, 28)
(8986, 108)
(8987, 41)
(8991, 239)
(8992, 85)
(8993, 114)
(8995, 56)
(8996, 45)
(8997, 50)
(8998, 110)
(8999, 239)
(9003, 50)
(9007, 185)
(9010, 24)
(9012, 85)
(9014, 74)
(9015, 307)
(9018, 83)
(9020, 82)
(9021, 113)
(9022, 866)
(9025, 110)
(9027, 79)
(9029, 32)
(9030, 103)
(9031, 135)
(9032, 387)
(9033, 99)
(9034, 81)
(9036, 209)
(9039, 36)
(9040, 36)
(9041, 18)
(9044, 27)
(9045, 74)
(9047, 561)
(9048, 221)
(9049, 46)
(9051, 134)
(9053, 70)
(9054, 22)
(9055, 372)
(9056, 25)
(9058, 730)
(9059, 69)
(9060, 274)
(9061, 175)
(9064, 117)
(9065, 203)
(9066, 53)
(9067, 18)
(9068, 20)
(9069, 413)
(9072, 203)
(9073, 26)
(9074, 25)
(9075, 199)
(9076, 452)
(9077, 171)
(9079, 78)
(9081, 114)
(9087, 194)
(9088, 147)
(9090, 81)
(9091, 50)
(9093, 49)
(9094, 46)
(9095, 39)
(9097, 133)
(9098, 119)
(9100, 95)
(9101, 81)
(9102, 89)
(9103, 26)
(9104, 99)
(9107, 72)
(9108, 111)
(9110, 673)
(9111, 50)
(9112, 317)
(9113, 35)
(9115, 32)
(9116, 20)
(9117, 23)
(9118, 30)
(9120, 115)
(9124, 95)
(9127, 149)
(9128, 26)
(9129, 126)
(9131, 24)
(9132, 18)
(9133, 69)
(9134, 312)
(9135, 135)
(9137, 26)
(9138, 220)
(9139, 599)
(9142, 442)
(9143, 89)
(9146, 121)
(9147, 146)
(9149, 432)
(9152, 34)
(9153, 120)
(9155, 239)
(9156, 288)
(9158, 196)
(9159, 22)
(9160, 189)
(9161, 126)
(9162, 28)
(9163, 305)
(9164, 88)
(9165, 66)
(9166, 202)
(9170, 952)
(9171, 99)
(9172, 175)
(9175, 235)
(9177, 49)
(9178, 108)
(9181, 174)
(9182, 376)
(9184, 216)
(9187, 63)
(9189, 108)
(9190, 216)
(9192, 106)
(9193, 75)
(9194, 205)
(9195, 51)
(9196, 138)
(9197, 57)
(9201, 90)
(9202, 207)
(9203, 748)
(9204, 108)
(9205, 223)
(9206, 471)
(9207, 158)
(9208, 328)
(9210, 228)
(9213, 432)
(9214, 115)
(9216, 220)
(9217, 44)
(9218, 58)
(9220, 312)
(9222, 202)
(9224, 196)
(9228, 2)
(9229, 86)
(9230, 248)
(9231, 95)
(9232, 96)
(9234, 79)
(9235, 90)
(9237, 75)
(9238, 60)
(9239, 37)
(9240, 44)
(9242, 125)
(9243, 28)
(9246, 203)
(9250, 37)
(9252, 78)
(9253, 300)
(9255, 24)
(9258, 85)
(9259, 100)
(9260, 25)
(9261, 51)
(9263, 44)
(9264, 14)
(9265, 50)
(9266, 34)
(9267, 62)
(9268, 46)
(9270, 41)
(9271, 22)
(9272, 21)
(9273, 87)
(9274, 54)
(9277, 212)
(9278, 41)
(9279, 553)
(9280, 102)
(9282, 16)
(9283, 222)
(9284, 31)
(9285, 92)
(9287, 35)
(9288, 47)
(9290, 112)
(9293, 205)
(9294, 100)
(9295, 348)
(9296, 212)
(9299, 56)
(9301, 73)
(9302, 95)
(9304, 30)
(9305, 186)
(9306, 23)
(9308, 26)
(9311, 46)
(9312, 61)
(9313, 24)
(9314, 91)
(9315, 264)
(9316, 70)
(9324, 42)
(9326, 63)
(9327, 182)
(9328, 359)
(9330, 119)
(9332, 60)
(9333, 65)
(9334, 79)
(9335, 34)
(9336, 498)
(9337, 113)
(9338, 81)
(9339, 66)
(9343, 72)
(9345, 176)
(9346, 34)
(9348, 210)
(9349, 66)
(9352, 118)
(9354, 25)
(9356, 69)
(9357, 18)
(9361, 90)
(9362, 74)
(9363, 105)
(9364, 48)
(9365, 39)
(9366, 45)
(9369, 25)
(9371, 83)
(9372, 69)
(9373, 145)
(9374, 88)
(9377, 26)
(9378, 87)
(9381, 101)
(9382, 222)
(9383, 81)
(9385, 23)
(9388, 181)
(9389, 41)
(9392, 73)
(9393, 151)
(9397, 18)
(9398, 120)
(9399, 74)
(9403, 237)
(9405, 54)
(9406, 361)
(9408, 326)
(9410, 84)
(9412, 26)
(9413, 81)
(9414, 69)
(9415, 200)
(9417, 31)
(9422, 26)
(9423, 155)
(9425, 54)
(9426, 22)
(9427, 76)
(9428, 31)
(9429, 62)
(9431, 50)
(9432, 91)
(9433, 120)
(9434, 85)
(9435, 22)
(9436, 647)
(9437, 214)
(9438, 37)
(9441, 59)
(9443, 161)
(9444, 43)
(9445, 363)
(9450, 174)
(9453, 71)
(9454, 154)
(9463, 26)
(9465, 239)
(9469, 28)
(9470, 817)
(9472, 99)
(9473, 86)
(9475, 48)
(9477, 25)
(9478, 58)
(9479, 360)
(9484, 109)
(9486, 60)
(9487, 319)
(9488, 268)
(9489, 63)
(9491, 2)
(9493, 26)
(9497, 44)
(9498, 87)
(9499, 28)
(9502, 71)
(9503, 24)
(9505, 116)
(9509, 173)
(9510, 52)
(9511, 22)
(9515, 80)
(9519, 130)
(9521, 651)
(9525, 103)
(9526, 259)
(9527, 101)
(9530, 26)
(9531, 30)
(9532, 345)
(9534, 22)
(9535, 258)
(9538, 91)
(9539, 149)
(9543, 201)
(9544, 267)
(9547, 25)
(9549, 285)
(9550, 139)
(9551, 47)
(9554, 355)
(9556, 106)
(9557, 93)
(9558, 42)
(9559, 243)
(9560, 199)
(9561, 120)
(9562, 115)
(9563, 83)
(9565, 22)
(9566, 52)
(9570, 45)
(9572, 34)
(9573, 30)
(9576, 49)
(9577, 33)
(9578, 25)
(9580, 24)
(9582, 471)
(9583, 399)
(9585, 142)
(9587, 25)
(9588, 24)
(9590, 289)
(9592, 193)
(9597, 18)
(9598, 22)
(9599, 63)
(9600, 26)
(9603, 187)
(9604, 176)
(9605, 82)
(9606, 48)
(9607, 365)
(9608, 70)
(9610, 86)
(9611, 63)
(9612, 24)
(9613, 25)
(9614, 36)
(9615, 88)
(9617, 409)
(9618, 140)
(9619, 44)
(9625, 87)
(9626, 24)
(9628, 182)
(9634, 345)
(9635, 18)
(9637, 466)
(9638, 617)
(9639, 402)
(9640, 108)
(9641, 217)
(9642, 123)
(9644, 49)
(9647, 43)
(9650, 506)
(9652, 58)
(9654, 118)
(9656, 271)
(9657, 179)
(9661, 95)
(9667, 716)
(9668, 119)
(9671, 24)
(9674, 215)
(9675, 100)
(9677, 81)
(9678, 48)
(9680, 158)
(9681, 106)
(9682, 59)
(9686, 26)
(9689, 346)
(9697, 114)
(9698, 20)
(9699, 22)
(9700, 191)
(9701, 282)
(9704, 353)
(9705, 100)
(9706, 458)
(9707, 149)
(9712, 113)
(9718, 113)
(9720, 188)
(9723, 26)
(9727, 20)
(9728, 123)
(9729, 91)
(9730, 200)
(9731, 36)
(9733, 756)
(9734, 423)
(9735, 28)
(9736, 350)
(9737, 26)
(9738, 111)
(9741, 107)
(9742, 339)
(9744, 62)
(9745, 70)
(9746, 232)
(9747, 32)
(9748, 30)
(9749, 621)
(9751, 178)
(9752, 107)
(9753, 107)
(9754, 644)
(9755, 366)
(9756, 68)
(9760, 452)
(9761, 391)
(9763, 323)
(9764, 758)
(9767, 32)
(9768, 32)
(9769, 335)
(9770, 285)
(9771, 184)
(9772, 30)
(9773, 32)
(9777, 113)
(9779, 175)
(9781, 32)
(9782, 465)
(9783, 101)
(9784, 591)
(9787, 59)
(9792, 170)
(9793, 523)
(9795, 355)
(9797, 259)
(9799, 241)
(9801, 113)
(9804, 210)
(9805, 24)
(9807, 67)
(9809, 63)
(9810, 75)
(9812, 84)
(9814, 68)
(9815, 28)
(9816, 114)
(9818, 113)
(9821, 241)
(9822, 174)
(9823, 24)
(9824, 36)
(9825, 51)
(9827, 26)
(9829, 73)
(9833, 185)
(9834, 77)
(9836, 197)
(9837, 24)
(9839, 97)
(9841, 251)
(9844, 85)
(9847, 115)
(9848, 766)
(9849, 139)
(9850, 74)
(9851, 28)
(9852, 24)
(9853, 240)
(9855, 92)
(9857, 28)
(9858, 94)
(9860, 71)
(9861, 197)
(9862, 20)
(9864, 275)
(9865, 91)
(9866, 314)
(9867, 103)
(9868, 27)
(9869, 251)
(9871, 231)
(9872, 120)
(9874, 226)
(9875, 35)
(9878, 24)
(9880, 55)
(9884, 67)
(9891, 119)
(9892, 276)
(9893, 87)
(9894, 52)
(9896, 58)
(9897, 178)
(9901, 26)
(9902, 23)
(9903, 100)
(9904, 34)
(9905, 270)
(9906, 147)
(9907, 405)
(9909, 77)
(9912, 120)
(9913, 126)
(9914, 154)
(9915, 111)
(9918, 74)
(9919, 83)
(9920, 69)
(9923, 337)
(9925, 57)
(9926, 107)
(9927, 158)
(9928, 222)
(9929, 95)
(9930, 81)
(9933, 225)
(9934, 20)
(9936, 23)
(9937, 99)
(9939, 32)
(9940, 337)
(9941, 40)
(9942, 20)
(9943, 99)
(9946, 438)
(9947, 336)
(9952, 228)
(9953, 329)
(9954, 357)
(9955, 24)
(9956, 176)
(9957, 175)
(9958, 30)
(9959, 252)
(9961, 67)
(9963, 69)
(9964, 27)
(9965, 27)
(9967, 172)
(9970, 56)
(9971, 170)
(9972, 20)
(9973, 65)
(9974, 101)
(9975, 776)
(9976, 115)
(9977, 105)
(9978, 814)
(9981, 103)
(9982, 112)
(9984, 114)
(9985, 29)
(9988, 53)
(9989, 102)
(9992, 23)
(9993, 23)
(9994, 61)
(9995, 34)
(10000, 109)
(10002, 30)
(10005, 242)
(10008, 63)
(10011, 146)
(10014, 131)
(10015, 118)
(10018, 82)
(10023, 68)
(10025, 104)
(10027, 67)
(10032, 51)
(10035, 22)
(10037, 49)
(10038, 125)
(10040, 76)
(10041, 156)
(10042, 48)
(10043, 218)
(10046, 83)
(10048, 106)
(10049, 360)
(10050, 30)
(10052, 63)
(10053, 35)
(10054, 122)
(10057, 84)
(10058, 52)
(10061, 21)
(10062, 95)
(10064, 14)
(10065, 28)
(10066, 102)
(10067, 107)
(10068, 63)
(10071, 141)
(10073, 181)
(10074, 27)
(10075, 20)
(10076, 26)
(10078, 582)
(10079, 28)
(10080, 840)
(10081, 182)
(10083, 80)
(10085, 36)
(10086, 49)
(10088, 53)
(10089, 81)
(10090, 63)
(10091, 526)
(10092, 25)
(10094, 74)
(10095, 180)
(10096, 60)
(10097, 93)
(10098, 78)
(10099, 45)
(10100, 245)
(10102, 61)
(10105, 133)
(10106, 458)
(10107, 117)
(10108, 34)
(10109, 25)
(10110, 174)
(10112, 50)
(10114, 137)
(10115, 42)
(10119, 56)
(10120, 84)
(10122, 296)
(10124, 497)
(10128, 75)
(10129, 78)
(10130, 88)
(10135, 224)
(10136, 2)
(10139, 138)
(10140, 178)
(10146, 122)
(10151, 83)
(10153, 28)
(10154, 28)
(10155, 85)
(10156, 63)
(10158, 77)
(10162, 24)
(10163, 54)
(10165, 90)
(10168, 425)
(10171, 75)
(10172, 96)
(10173, 101)
(10174, 72)
(10175, 374)
(10176, 30)
(10177, 34)
(10178, 34)
(10180, 56)
(10181, 56)
(10183, 96)
(10185, 63)
(10186, 23)
(10190, 336)
(10191, 222)
(10192, 332)
(10196, 44)
(10197, 99)
(10200, 125)
(10201, 32)
(10207, 60)
(10208, 70)
(10209, 251)
(10211, 72)
(10213, 127)
(10214, 214)
(10215, 26)
(10216, 209)
(10218, 112)
(10219, 206)
(10222, 155)
(10224, 57)
(10225, 96)
(10227, 50)
(10228, 538)
(10230, 434)
(10231, 30)
(10233, 258)
(10235, 37)
(10237, 26)
(10238, 123)
(10240, 25)
(10242, 22)
(10243, 35)
(10245, 117)
(10246, 673)
(10253, 105)
(10254, 83)
(10255, 573)
(10258, 102)
(10260, 26)
(10261, 194)
(10262, 49)
(10263, 22)
(10264, 291)
(10265, 129)
(10268, 835)
(10272, 238)
(10275, 241)
(10277, 32)
(10280, 113)
(10281, 28)
(10282, 111)
(10283, 30)
(10284, 183)
(10285, 246)
(10289, 122)
(10291, 582)
(10292, 440)
(10294, 28)
(10295, 26)
(10297, 353)
(10299, 159)
(10300, 78)
(10302, 214)
(10305, 96)
(10306, 842)
(10308, 103)
(10310, 117)
(10311, 567)
(10313, 239)
(10314, 77)
(10315, 100)
(10318, 137)
(10319, 180)
(10321, 90)
(10322, 82)
(10323, 20)
(10324, 90)
(10328, 212)
(10330, 88)
(10332, 56)
(10334, 161)
(10335, 225)
(10337, 18)
(10338, 50)
(10339, 140)
(10340, 228)
(10341, 366)
(10342, 189)
(10344, 910)
(10347, 280)
(10348, 109)
(10349, 145)
(10352, 129)
(10354, 109)
(10355, 717)
(10356, 90)
(10357, 137)
(10358, 171)
(10359, 115)
(10361, 324)
(10362, 30)
(10364, 103)
(10367, 426)
(10368, 20)
(10370, 16)
(10371, 101)
(10372, 105)
(10373, 287)
(10375, 624)
(10376, 306)
(10377, 92)
(10381, 120)
(10382, 334)
(10384, 26)
(10385, 420)
(10387, 52)
(10388, 113)
(10390, 26)
(10391, 46)
(10393, 111)
(10394, 73)
(10395, 653)
(10397, 22)
(10398, 377)
(10399, 24)
(10401, 20)
(10402, 26)
(10403, 404)
(10404, 122)
(10406, 293)
(10411, 71)
(10412, 24)
(10414, 95)
(10416, 116)
(10418, 98)
(10419, 97)
(10423, 149)
(10427, 42)
(10429, 71)
(10430, 96)
(10431, 28)
(10432, 79)
(10434, 141)
(10435, 150)
(10436, 114)
(10439, 24)
(10440, 124)
(10442, 75)
(10444, 109)
(10445, 414)
(10446, 59)
(10447, 53)
(10449, 82)
(10452, 191)
(10453, 68)
(10454, 30)
(10455, 880)
(10458, 62)
(10459, 37)
(10462, 177)
(10464, 69)
(10467, 88)
(10470, 294)
(10471, 18)
(10472, 188)
(10473, 470)
(10475, 114)
(10478, 27)
(10484, 24)
(10485, 121)
(10487, 281)
(10489, 73)
(10491, 20)
(10494, 222)
(10498, 109)
(10499, 63)
(10500, 30)
(10503, 55)
(10505, 311)
(10506, 60)
(10508, 83)
(10509, 53)
(10515, 72)
(10518, 98)
(10519, 347)
(10520, 135)
(10521, 171)
(10524, 22)
(10527, 116)
(10529, 33)
(10530, 177)
(10531, 321)
(10532, 62)
(10534, 64)
(10536, 22)
(10537, 649)
(10538, 57)
(10539, 210)
(10541, 79)
(10542, 24)
(10544, 196)
(10545, 176)
(10546, 519)
(10547, 83)
(10548, 319)
(10551, 108)
(10553, 332)
(10555, 226)
(10556, 72)
(10559, 105)
(10561, 59)
(10563, 221)
(10564, 45)
(10565, 24)
(10566, 53)
(10567, 191)
(10569, 298)
(10573, 44)
(10576, 22)
(10581, 113)
(10582, 449)
(10584, 152)
(10585, 24)
(10586, 116)
(10587, 20)
(10588, 214)
(10590, 48)
(10592, 30)
(10593, 660)
(10594, 106)
(10596, 69)
(10597, 47)
(10598, 62)
(10599, 44)
(10600, 77)
(10601, 54)
(10602, 32)
(10604, 158)
(10606, 351)
(10608, 282)
(10609, 44)
(10610, 44)
(10611, 51)
(10612, 60)
(10613, 48)
(10615, 89)
(10616, 113)
(10617, 661)
(10618, 269)
(10619, 66)
(10620, 111)
(10621, 300)
(10622, 277)
(10623, 613)
(10625, 101)
(10627, 384)
(10632, 282)
(10633, 289)
(10634, 84)
(10636, 171)
(10638, 103)
(10640, 239)
(10641, 183)
(10642, 519)
(10643, 421)
(10644, 195)
(10648, 449)
(10650, 26)
(10651, 26)
(10652, 18)
(10653, 26)
(10654, 99)
(10657, 26)
(10658, 26)
(10659, 144)
(10660, 103)
(10661, 233)
(10662, 126)
(10665, 221)
(10669, 2)
(10674, 228)
(10676, 400)
(10678, 106)
(10679, 26)
(10681, 26)
(10682, 85)
(10684, 187)
(10685, 24)
(10687, 245)
(10688, 93)
(10689, 844)
(10692, 22)
(10693, 362)
(10694, 279)
(10695, 548)
(10696, 277)
(10699, 66)
(10701, 221)
(10702, 200)
(10703, 338)
(10704, 410)
(10705, 196)
(10708, 104)
(10709, 110)
(10710, 107)
(10712, 84)
(10714, 84)
(10715, 144)
(10717, 219)
(10718, 217)
(10720, 191)
(10721, 174)
(10724, 75)
(10729, 492)
(10731, 18)
(10734, 295)
(10736, 104)
(10737, 339)
(10738, 108)
(10742, 80)
(10743, 281)
(10744, 324)
(10746, 170)
(10748, 309)
(10749, 115)
(10750, 122)
(10751, 154)
(10752, 107)
(10754, 183)
(10755, 51)
(10756, 152)
(10757, 234)
(10758, 60)
(10760, 772)
(10762, 187)
(10766, 104)
(10767, 209)
(10768, 252)
(10769, 144)
(10770, 101)
(10771, 844)
(10773, 295)
(10774, 233)
(10779, 517)
(10780, 962)
(10781, 221)
(10782, 85)
(10784, 525)
(10786, 72)
(10787, 64)
(10788, 101)
(10790, 115)
(10794, 93)
(10796, 66)
(10797, 324)
(10803, 55)
(10804, 316)
(10805, 77)
(10807, 277)
(10808, 115)
(10809, 565)
(10811, 125)
(10815, 26)
(10816, 138)
(10817, 56)
(10822, 249)
(10825, 227)
(10826, 226)
(10827, 177)
(10830, 536)
(10831, 118)
(10832, 86)
(10833, 47)
(10834, 61)
(10839, 52)
(10840, 107)
(10841, 96)
(10843, 107)
(10844, 38)
(10845, 123)
(10847, 80)
(10848, 52)
(10849, 42)
(10851, 60)
(10853, 53)
(10855, 41)
(10856, 89)
(10857, 36)
(10859, 20)
(10860, 105)
(10864, 55)
(10867, 164)
(10868, 95)
(10870, 77)
(10871, 20)
(10872, 107)
(10873, 123)
(10874, 40)
(10876, 170)
(10877, 108)
(10879, 50)
(10882, 117)
(10883, 107)
(10884, 48)
(10885, 27)
(10886, 86)
(10887, 149)
(10891, 43)
(10892, 48)
(10893, 183)
(10894, 66)
(10895, 127)
(10897, 41)
(10899, 46)
(10901, 106)
(10902, 540)
(10903, 122)
(10904, 153)
(10905, 641)
(10907, 60)
(10908, 102)
(10909, 110)
(10913, 74)
(10917, 46)
(10918, 184)
(10919, 120)
(10921, 34)
(10922, 59)
(10923, 89)
(10924, 31)
(10925, 95)
(10926, 42)
(10928, 120)
(10931, 921)
(10941, 75)
(10943, 54)
(10944, 180)
(10946, 40)
(10947, 592)
(10950, 80)
(10956, 245)
(10959, 402)
(10960, 47)
(10961, 61)
(10962, 65)
(10963, 50)
(10964, 108)
(10966, 50)
(10969, 142)
(10971, 79)
(10972, 35)
(10973, 111)
(10974, 75)
(10978, 189)
(10980, 57)
(10983, 32)
(10985, 83)
(10988, 103)
(10989, 83)
(10992, 72)
(10994, 136)
(10998, 103)
(10999, 67)
(11000, 465)
(11006, 26)
(11007, 390)
(11012, 28)
(11015, 117)
(11018, 44)
(11019, 50)
(11025, 213)
(11027, 37)
(11028, 76)
(11029, 321)
(11030, 81)
(11031, 164)
(11034, 75)
(11035, 98)
(11036, 41)
(11039, 97)
(11040, 92)
(11041, 136)
(11043, 121)
(11046, 67)
(11047, 70)
(11048, 89)
(11049, 135)
(11051, 58)
(11052, 24)
(11056, 98)
(11057, 23)
(11058, 71)
(11059, 85)
(11060, 83)
(11063, 121)
(11064, 211)
(11065, 54)
(11066, 26)
(11070, 124)
(11071, 138)
(11074, 426)
(11076, 411)
(11078, 137)
(11083, 1031)
(11085, 97)
(11086, 61)
(11087, 131)
(11088, 56)
(11090, 32)
(11091, 129)
(11093, 120)
(11095, 86)
(11098, 24)
(11100, 100)
(11101, 182)
(11102, 389)
(11103, 122)
(11104, 87)
(11105, 104)
(11106, 124)
(11107, 160)
(11109, 54)
(11111, 75)
(11112, 35)
(11113, 55)
(11115, 27)
(11118, 405)
(11119, 118)
(11120, 224)
(11121, 111)
(11123, 780)
(11124, 232)
(11126, 61)
(11127, 28)
(11128, 32)
(11132, 53)
(11133, 44)
(11134, 62)
(11135, 349)
(11136, 110)
(11137, 314)
(11139, 20)
(11143, 114)
(11144, 387)
(11145, 176)
(11149, 347)
(11153, 31)
(11154, 25)
(11156, 50)
(11158, 2)
(11159, 30)
(11160, 252)
(11161, 238)
(11162, 22)
(11163, 211)
(11164, 20)
(11166, 78)
(11168, 109)
(11170, 95)
(11171, 231)
(11173, 77)
(11174, 157)
(11175, 560)
(11177, 646)
(11179, 197)
(11181, 303)
(11183, 167)
(11185, 54)
(11190, 149)
(11191, 91)
(11192, 197)
(11193, 42)
(11196, 171)
(11197, 96)
(11198, 760)
(11200, 116)
(11201, 102)
(11202, 189)
(11203, 486)
(11205, 93)
(11208, 91)
(11209, 302)
(11210, 127)
(11211, 99)
(11212, 104)
(11213, 704)
(11216, 118)
(11220, 161)
(11221, 83)
(11222, 196)
(11224, 1465)
(11225, 788)
(11227, 77)
(11228, 89)
(11229, 2)
(11230, 111)
(11231, 237)
(11232, 250)
(11233, 37)
(11234, 659)
(11236, 313)
(11237, 286)
(11238, 104)
(11239, 251)
(11241, 86)
(11242, 128)
(11243, 311)
(11244, 177)
(11249, 168)
(11251, 122)
(11252, 125)
(11253, 244)
(11254, 319)
(11255, 100)
(11256, 63)
(11257, 102)
(11259, 30)
(11260, 216)
(11261, 289)
(11263, 116)
(11265, 382)
(11268, 72)
(11269, 99)
(11270, 118)
(11271, 111)
(11272, 143)
(11273, 368)
(11274, 70)
(11276, 43)
(11277, 20)
(11278, 144)
(11279, 227)
(11281, 117)
(11282, 53)
(11283, 30)
(11284, 58)
(11285, 203)
(11287, 236)
(11289, 20)
(11291, 287)
(11292, 484)
(11295, 32)
(11297, 147)
(11299, 329)
(11300, 54)
(11301, 86)
(11302, 85)
(11305, 85)
(11306, 56)
(11307, 50)
(11308, 56)
(11314, 115)
(11315, 104)
(11316, 117)
(11317, 53)
(11320, 122)
(11322, 156)
(11324, 206)
(11327, 368)
(11330, 522)
(11333, 74)
(11335, 96)
(11336, 53)
(11338, 46)
(11340, 32)
(11341, 205)
(11343, 256)
(11344, 195)
(11348, 80)
(11349, 311)
(11350, 440)
(11352, 287)
(11354, 65)
(11356, 102)
(11357, 114)
(11358, 150)
(11359, 85)
(11362, 95)
(11365, 194)
(11369, 51)
(11370, 102)
(11371, 49)
(11372, 145)
(11373, 124)
(11374, 194)
(11377, 42)
(11378, 117)
(11379, 98)
(11380, 133)
(11381, 104)
(11384, 18)
(11385, 121)
(11386, 177)
(11387, 223)
(11388, 314)
(11390, 190)
(11392, 236)
(11393, 57)
(11394, 30)
(11395, 162)
(11396, 97)
(11397, 266)
(11399, 139)
(11400, 114)
(11402, 109)
(11403, 173)
(11405, 66)
(11406, 267)
(11407, 79)
(11413, 125)
(11415, 70)
(11416, 121)
(11417, 24)
(11418, 219)
(11420, 26)
(11421, 26)
(11422, 20)
(11424, 34)
(11425, 55)
(11427, 196)
(11428, 58)
(11429, 32)
(11430, 153)
(11431, 99)
(11433, 38)
(11435, 54)
(11436, 154)
(11437, 154)
(11440, 107)
(11441, 73)
(11443, 57)
(11444, 97)
(11445, 106)
(11446, 82)
(11447, 263)
(11449, 99)
(11450, 92)
(11451, 182)
(11452, 71)
(11455, 145)
(11459, 309)
(11460, 119)
(11461, 109)
(11462, 127)
(11464, 120)
(11465, 87)
(11466, 167)
(11468, 120)
(11469, 32)
(11470, 63)
(11475, 73)
(11476, 35)
(11477, 51)
(11478, 34)
(11479, 50)
(11481, 34)
(11484, 55)
(11487, 557)
(11488, 24)
(11490, 781)
(11491, 332)
(11492, 520)
(11494, 43)
(11496, 22)
(11497, 187)
(11498, 532)
(11499, 47)
(11500, 25)
(11501, 30)
(11503, 33)
(11504, 927)
(11505, 173)
(11506, 89)
(11507, 102)
(11508, 121)
(11510, 86)
(11514, 127)
(11515, 77)
(11519, 123)
(11522, 146)
(11523, 91)
(11526, 118)
(11527, 50)
(11528, 56)
(11529, 33)
(11536, 175)
(11539, 166)
(11540, 84)
(11541, 197)
(11543, 94)
(11544, 99)
(11545, 330)
(11546, 80)
(11549, 46)
(11550, 55)
(11551, 93)
(11553, 57)
(11554, 18)
(11555, 261)
(11558, 106)
(11559, 109)
(11563, 105)
(11564, 45)
(11565, 28)
(11566, 114)
(11567, 59)
(11568, 97)
(11569, 81)
(11570, 41)
(11571, 23)
(11572, 23)
(11574, 267)
(11575, 229)
(11578, 28)
(11579, 88)
(11580, 245)
(11584, 20)
(11587, 223)
(11588, 63)
(11597, 96)
(11598, 43)
(11599, 242)
(11602, 234)
(11607, 30)
(11608, 28)
(11609, 28)
(11610, 22)
(11611, 28)
(11612, 28)
(11614, 31)
(11617, 98)
(11619, 66)
(11621, 31)
(11622, 31)
(11623, 61)
(11625, 160)
(11627, 114)
(11628, 24)
(11629, 45)
(11630, 125)
(11632, 121)
(11633, 74)
(11634, 2)
(11635, 68)
(11636, 61)
(11637, 333)
(11638, 119)
(11639, 337)
(11640, 194)
(11643, 73)
(11644, 71)
(11645, 97)
(11649, 193)
(11655, 101)
(11657, 55)
(11658, 107)
(11660, 24)
(11661, 359)
(11663, 276)
(11664, 27)
(11665, 98)
(11666, 48)
(11667, 48)
(11668, 28)
(11671, 115)
(11674, 97)
(11679, 68)
(11682, 26)
(11683, 58)
(11684, 54)
(11685, 100)
(11687, 29)
(11689, 27)
(11690, 135)
(11694, 94)
(11696, 57)
(11697, 26)
(11699, 34)
(11700, 69)
(11701, 24)
(11702, 18)
(11705, 76)
(11706, 147)
(11707, 112)
(11708, 108)
(11711, 704)
(11713, 156)
(11714, 132)
(11716, 26)
(11717, 334)
(11721, 74)
(11722, 112)
(11723, 106)
(11724, 58)
(11725, 125)
(11726, 136)
(11727, 33)
(11728, 47)
(11729, 55)
(11730, 48)
(11731, 26)
(11733, 37)
(11734, 490)
(11736, 28)
(11738, 100)
(11739, 533)
(11743, 171)
(11744, 80)
(11746, 809)
(11748, 128)
(11750, 31)
(11751, 74)
(11752, 632)
(11753, 862)
(11754, 68)
(11755, 119)
(11756, 25)
(11758, 61)
(11762, 24)
(11763, 513)
(11764, 22)
(11765, 188)
(11767, 33)
(11768, 888)
(11769, 364)
(11771, 233)
(11772, 24)
(11773, 755)
(11774, 80)
(11775, 81)
(11776, 419)
(11778, 101)
(11783, 91)
(11787, 65)
(11789, 108)
(11790, 24)
(11791, 124)
(11793, 128)
(11794, 115)
(11795, 168)
(11798, 102)
(11801, 174)
(11802, 75)
(11808, 112)
(11811, 78)
(11812, 71)
(11813, 401)
(11815, 88)
(11816, 199)
(11817, 219)
(11820, 302)
(11821, 30)
(11822, 197)
(11825, 32)
(11826, 117)
(11829, 165)
(11830, 578)
(11831, 305)
(11832, 52)
(11833, 103)
(11834, 81)
(11836, 98)
(11837, 108)
(11839, 194)
(11840, 158)
(11841, 149)
(11843, 439)
(11844, 91)
(11847, 135)
(11848, 219)
(11850, 130)
(11852, 194)
(11854, 80)
(11855, 61)
(11856, 24)
(11858, 103)
(11859, 103)
(11860, 109)
(11861, 228)
(11862, 80)
(11863, 450)
(11864, 38)
(11866, 274)
(11867, 112)
(11871, 26)
(11872, 120)
(11873, 113)
(11876, 28)
(11877, 90)
(11878, 96)
(11879, 26)
(11880, 123)
(11882, 536)
(11883, 104)
(11884, 93)
(11885, 309)
(11886, 114)
(11888, 181)
(11891, 283)
(11892, 129)
(11893, 175)
(11894, 92)
(11895, 113)
(11896, 63)
(11898, 134)
(11900, 59)
(11903, 26)
(11904, 63)
(11905, 22)
(11907, 61)
(11908, 25)
(11909, 68)
(11910, 161)
(11911, 134)
(11913, 50)
(11914, 613)
(11915, 96)
(11916, 161)
(11918, 215)
(11920, 82)
(11923, 42)
(11925, 114)
(11930, 23)
(11932, 108)
(11933, 95)
(11934, 43)
(11935, 40)
(11936, 279)
(11938, 26)
(11939, 137)
(11940, 32)
(11941, 77)
(11944, 50)
(11945, 33)
(11946, 110)
(11947, 28)
(11949, 253)
(11953, 144)
(11954, 105)
(11957, 242)
(11958, 36)
(11960, 34)
(11961, 114)
(11962, 163)
(11964, 207)
(11966, 55)
(11967, 79)
(11968, 114)
(11970, 48)
(11972, 78)
(11976, 46)
(11977, 27)
(11978, 31)
(11979, 82)
(11980, 49)
(11981, 88)
(11982, 97)
(11983, 105)
(11984, 223)
(11989, 25)
(11990, 67)
(11993, 35)
(11994, 25)
(11996, 70)
(11997, 92)
(11999, 91)
(12001, 40)
(12002, 731)
(12003, 64)
(12005, 43)
(12007, 85)
(12008, 26)
(12009, 103)
(12010, 36)
(12011, 703)
(12014, 32)
(12016, 69)
(12017, 52)
(12018, 16)
(12019, 20)
(12022, 44)
(12024, 33)
(12027, 81)
(12028, 72)
(12031, 119)
(12032, 24)
(12033, 91)
(12035, 31)
(12036, 23)
(12040, 61)
(12042, 58)
(12044, 332)
(12045, 62)
(12046, 94)
(12048, 121)
(12049, 126)
(12050, 212)
(12052, 194)
(12053, 107)
(12054, 107)
(12055, 133)
(12059, 118)
(12061, 42)
(12063, 23)
(12064, 37)
(12067, 36)
(12068, 108)
(12073, 178)
(12076, 27)
(12077, 122)
(12078, 75)
(12079, 60)
(12080, 117)
(12081, 89)
(12083, 213)
(12084, 336)
(12085, 61)
(12087, 80)
(12091, 53)
(12093, 73)
(12094, 46)
(12098, 42)
(12101, 83)
(12102, 34)
(12106, 81)
(12110, 69)
(12112, 35)
(12114, 34)
(12115, 146)
(12117, 61)
(12119, 25)
(12121, 321)
(12122, 203)
(12125, 47)
(12127, 266)
(12128, 24)
(12131, 41)
(12132, 165)
(12133, 73)
(12135, 165)
(12136, 905)
(12138, 201)
(12139, 30)
(12140, 20)
(12145, 228)
(12146, 460)
(12147, 84)
(12149, 78)
(12150, 53)
(12152, 143)
(12153, 50)
(12154, 63)
(12155, 33)
(12156, 350)
(12159, 132)
(12160, 683)
(12161, 126)
(12162, 50)
(12163, 28)
(12164, 66)
(12166, 118)
(12169, 38)
(12171, 64)
(12172, 35)
(12173, 137)
(12174, 141)
(12176, 54)
(12177, 34)
(12178, 204)
(12179, 88)
(12182, 51)
(12183, 60)
(12184, 26)
(12185, 23)
(12186, 103)
(12187, 42)
(12191, 75)
(12192, 137)
(12195, 727)
(12197, 293)
(12201, 124)
(12202, 69)
(12203, 426)
(12204, 35)
(12205, 77)
(12207, 47)
(12208, 653)
(12209, 817)
(12211, 43)
(12213, 111)
(12215, 40)
(12216, 144)
(12219, 57)
(12221, 122)
(12222, 34)
(12223, 41)
(12224, 289)
(12225, 111)
(12226, 55)
(12227, 23)
(12229, 40)
(12231, 44)
(12235, 30)
(12236, 104)
(12237, 93)
(12239, 62)
(12240, 98)
(12243, 81)
(12244, 57)
(12246, 42)
(12249, 263)
(12250, 243)
(12251, 22)
(12254, 283)
(12255, 59)
(12257, 46)
(12258, 89)
(12259, 84)
(12260, 30)
(12261, 301)
(12266, 73)
(12267, 26)
(12269, 65)
(12270, 106)
(12271, 31)
(12274, 28)
(12275, 84)
(12276, 97)
(12278, 64)
(12281, 222)
(12283, 32)
(12285, 22)
(12286, 171)
(12288, 44)
(12293, 30)
(12294, 65)
(12296, 58)
(12298, 73)
(12301, 50)
(12302, 37)
(12303, 30)
(12304, 24)
(12305, 226)
(12306, 87)
(12309, 106)
(12311, 115)
(12312, 26)
(12313, 53)
(12315, 115)
(12316, 46)
(12317, 131)
(12318, 245)
(12321, 71)
(12323, 176)
(12325, 108)
(12327, 28)
(12331, 107)
(12332, 119)
(12333, 190)
(12334, 47)
(12336, 36)
(12337, 523)
(12338, 92)
(12339, 107)
(12340, 406)
(12341, 86)
(12344, 93)
(12345, 79)
(12346, 39)
(12348, 78)
(12350, 101)
(12351, 85)
(12352, 27)
(12353, 40)
(12355, 522)
(12356, 101)
(12361, 178)
(12362, 52)
(12364, 50)
(12366, 4)
(12368, 105)
(12371, 4)
(12372, 617)
(12374, 83)
(12375, 66)
(12376, 126)
(12378, 144)
(12379, 57)
(12380, 49)
(12382, 54)
(12383, 226)
(12386, 32)
(12389, 213)
(12390, 285)
(12391, 71)
(12394, 564)
(12395, 314)
(12396, 324)
(12397, 555)
(12398, 104)
(12399, 225)
(12400, 160)
(12401, 209)
(12403, 30)
(12404, 230)
(12406, 139)
(12407, 420)
(12408, 28)
(12409, 609)
(12410, 110)
(12411, 24)
(12413, 106)
(12415, 95)
(12416, 227)
(12417, 137)
(12418, 212)
(12420, 417)
(12421, 30)
(12422, 230)
(12423, 322)
(12424, 148)
(12425, 100)
(12426, 273)
(12428, 107)
(12429, 213)
(12432, 483)
(12433, 22)
(12435, 221)
(12436, 116)
(12437, 99)
(12439, 74)
(12441, 129)
(12442, 260)
(12443, 611)
(12447, 738)
(12448, 26)
(12449, 363)
(12453, 130)
(12454, 267)
(12455, 10)
(12456, 48)
(12457, 288)
(12458, 96)
(12460, 226)
(12461, 241)
(12462, 44)
(12463, 151)
(12464, 73)
(12465, 102)
(12466, 320)
(12468, 211)
(12469, 104)
(12470, 84)
(12471, 48)
(12472, 306)
(12473, 288)
(12480, 88)
(12483, 39)
(12484, 181)
(12485, 212)
(12487, 307)
(12488, 272)
(12489, 99)
(12490, 193)
(12492, 74)
(12494, 120)
(12495, 24)
(12500, 73)
(12501, 79)
(12503, 90)
(12504, 116)
(12505, 44)
(12506, 56)
(12507, 77)
(12508, 32)
(12509, 34)
(12511, 30)
(12512, 96)
(12514, 29)
(12515, 126)
(12516, 50)
(12517, 61)
(12520, 51)
(12521, 561)
(12522, 44)
(12523, 53)
(12524, 109)
(12525, 102)
(12529, 111)
(12530, 22)
(12531, 88)
(12532, 191)
(12533, 175)
(12534, 80)
(12538, 32)
(12540, 39)
(12543, 67)
(12545, 24)
(12546, 113)
(12549, 24)
(12550, 183)
(12551, 54)
(12554, 101)
(12555, 127)
(12557, 112)
(12558, 24)
(12559, 93)
(12562, 98)
(12563, 186)
(12564, 116)
(12569, 49)
(12570, 55)
(12571, 41)
(12572, 55)
(12573, 118)
(12574, 191)
(12576, 209)
(12579, 70)
(12580, 24)
(12583, 61)
(12585, 51)
(12587, 135)
(12588, 22)
(12592, 56)
(12593, 18)
(12728, 129)
(12731, 127)
(12732, 228)
(12737, 117)
(12741, 108)
(12743, 262)
(12745, 84)
(12746, 137)
(12748, 107)
(12751, 122)
(12752, 62)
(12753, 155)
(12754, 306)
(12755, 116)
(12757, 63)
(12758, 105)
(12759, 127)
(12760, 119)
(12761, 112)
(12762, 99)
(12763, 193)
(12767, 213)
(12768, 228)
(12770, 418)
(12771, 324)
(12772, 160)
(12774, 163)
(12775, 218)
(12778, 523)
(12780, 289)
(12783, 72)
(12785, 28)
(12786, 101)
(12787, 180)
(12788, 304)
(12789, 76)
(12790, 457)
(12791, 553)
(12795, 90)
(12796, 48)
(12797, 117)
(12799, 326)
(12801, 59)
(12802, 187)
(12803, 202)
(12805, 22)
(12806, 696)
(12810, 96)
(12812, 39)
(12813, 80)
(12814, 85)
(12815, 629)
(12817, 22)
(12818, 382)
(12819, 101)
(12822, 103)
(12823, 112)
(12824, 70)
(12827, 740)
(12829, 169)
(12830, 246)
(12831, 77)
(12834, 82)
(12836, 112)
(12839, 18)
(12840, 48)
(12841, 147)
(12842, 261)
(12843, 63)
(12846, 99)
(12848, 821)
(12849, 364)
(12851, 113)
(12852, 49)
(12853, 46)
(12857, 189)
(12858, 166)
(12860, 54)
(12861, 186)
(12862, 43)
(12866, 104)
(12869, 46)
(12872, 211)
(12874, 119)
(12875, 266)
(12877, 44)
(12878, 544)
(12880, 73)
(12882, 4)
(12883, 124)
(12885, 119)
(12886, 120)
(12887, 653)
(12888, 49)
(12889, 76)
(12890, 125)
(12891, 93)
(12893, 63)
(12897, 24)
(12898, 74)
(12900, 60)
(12901, 52)
(12904, 44)
(12905, 116)
(12907, 320)
(12908, 69)
(12910, 33)
(12912, 36)
(12914, 70)
(12915, 39)
(12917, 663)
(12919, 61)
(12923, 98)
(12924, 88)
(12929, 51)
(12933, 48)
(12935, 108)
(12937, 91)
(12940, 171)
(12943, 244)
(12948, 232)
(12949, 77)
(12956, 117)
(12959, 113)
(12962, 37)
(12963, 237)
(12965, 155)
(12969, 62)
(12971, 558)
(12973, 107)
(12974, 41)
(12978, 71)
(12980, 116)
(12981, 204)
(12982, 27)
(12986, 303)
(12987, 204)
(12988, 88)
(12992, 143)
(12995, 129)
(12996, 84)
(13003, 159)
(13005, 106)
(13006, 24)
(13007, 87)
(13008, 237)
(13010, 30)
(13011, 98)
(13014, 48)
(13019, 242)
(13021, 219)
(13023, 193)
(13024, 98)
(13025, 51)
(13026, 40)
(13027, 43)
(13031, 75)
(13032, 38)
(13036, 68)
(13037, 108)
(13039, 271)
(13041, 109)
(13043, 61)
(13045, 207)
(13046, 820)
(13052, 121)
(13053, 856)
(13054, 97)
(13059, 23)
(13060, 111)
(13062, 86)
(13064, 89)
(13067, 74)
(13070, 78)
(13072, 393)
(13077, 114)
(13078, 61)
(13080, 653)
(13085, 241)
(13089, 79)
(13090, 103)
(13092, 23)
(13093, 28)
(13094, 90)
(13095, 145)
(13096, 101)
(13097, 89)
(13099, 98)
(13102, 82)
(13103, 77)
(13105, 56)
(13110, 42)
(13113, 50)
(13114, 24)
(13115, 844)
(13116, 145)
(13118, 55)
(13119, 137)
(13120, 28)
(13122, 20)
(13123, 343)
(13124, 228)
(13126, 25)
(13129, 73)
(13130, 377)
(13131, 28)
(13136, 121)
(13138, 27)
(13139, 43)
(13141, 113)
(13142, 89)
(13143, 28)
(13144, 115)
(13148, 4)
(13149, 279)
(13151, 80)
(13157, 531)
(13158, 4)
(13159, 58)
(13162, 146)
(13163, 51)
(13165, 77)
(13168, 167)
(13170, 119)
(13172, 95)
(13173, 90)
(13174, 83)
(13175, 53)
(13179, 526)
(13180, 97)
(13182, 109)
(13184, 165)
(13185, 238)
(13186, 79)
(13187, 232)
(13188, 58)
(13189, 133)
(13190, 78)
(13191, 68)
(13192, 85)
(13194, 130)
(13195, 37)
(13196, 62)
(13197, 68)
(13199, 116)
(13200, 117)
(13201, 77)
(13203, 29)
(13204, 24)
(13205, 61)
(13206, 80)
(13210, 227)
(13211, 114)
(13212, 114)
(13214, 66)
(13223, 25)
(13224, 24)
(13225, 331)
(13230, 30)
(13231, 128)
(13232, 80)
(13238, 156)
(13242, 53)
(13243, 277)
(13244, 644)
(13245, 222)
(13247, 231)
(13251, 226)
(13255, 116)
(13256, 664)
(13258, 361)
(13261, 890)
(13262, 132)
(13263, 558)
(13265, 363)
(13266, 619)
(13269, 157)
(13270, 102)
(13271, 198)
(13272, 4)
(13274, 125)
(13294, 95)
(13313, 211)
(13315, 73)
(13317, 26)
(13320, 203)
(13321, 114)
(13333, 144)
(13336, 32)
(13380, 117)
(13382, 117)
(13393, 102)
(13398, 20)
(13404, 73)
(13435, 29)
(13458, 181)
(13462, 849)
(13468, 30)
(13471, 65)
(13482, 124)
(13507, 118)
(13512, 29)
(13524, 70)
(13530, 152)
(13531, 574)
(13532, 229)
(13539, 77)
(13542, 203)
(13543, 114)
(13544, 73)
(13552, 118)
(13559, 149)
(13611, 72)
(13615, 56)
(13633, 221)
(13649, 476)
(13656, 240)
(13660, 25)
(13688, 90)
(13690, 153)
(13694, 40)
(13695, 20)
(13702, 170)
(13704, 49)
(13708, 49)
(13709, 77)
(13710, 32)
(13711, 61)
(13714, 48)
(13715, 59)
(13717, 58)
(13721, 123)
(13729, 105)
(13735, 177)
(13738, 452)
(13739, 119)
(13744, 57)
(13753, 84)
(13757, 168)
(13775, 22)
(13787, 72)
(13790, 320)
(13791, 152)
(13795, 57)
(13831, 20)
(13834, 69)
(13836, 22)
(13842, 22)
(13849, 22)
(13852, 66)
(13854, 160)
(13856, 86)
(13869, 206)
(13870, 89)
(13874, 83)
(13877, 101)
(13889, 24)
(13890, 164)
(13900, 90)
(13903, 310)
(13904, 323)
(13908, 383)
(13915, 103)
(13919, 50)
(13946, 238)
(13949, 749)
(13950, 101)
(13958, 290)
(13963, 243)
(13966, 330)
(13988, 99)
(13994, 75)
(14012, 80)
(14028, 65)
(14034, 16)
(14055, 176)
(14069, 24)
(14091, 26)
(14093, 24)
(14099, 59)
(14103, 28)
(14109, 432)
(14126, 271)
(14131, 98)
(14146, 32)
(14150, 16)
(14154, 57)
(14156, 72)
(14166, 26)
(14168, 24)
(14177, 123)
(14178, 67)
(14180, 55)
(14182, 28)
(14199, 509)
(14201, 111)
(14207, 213)
(14211, 246)
(14212, 361)
(14214, 20)
(14220, 338)
(14263, 102)
(14270, 85)
(14282, 72)
(14285, 33)
(14293, 118)
(14297, 161)
(14298, 92)
(14300, 56)
(14310, 264)
(14313, 340)
(14314, 121)
(14315, 63)
(14316, 25)
(14324, 223)
(14340, 159)
(14354, 110)
(14360, 89)
(14376, 16)
(14388, 26)
(14389, 120)
(14393, 73)
(14394, 102)
(14395, 106)
(14402, 25)
(14417, 53)
(14418, 127)
(14423, 69)
(14427, 46)
(14434, 433)
(14440, 199)
(14469, 32)
(14476, 40)
(14483, 129)
(14485, 182)
(14491, 127)
(14499, 40)
(14504, 183)
(14506, 75)
(14509, 140)
(14512, 97)
(14515, 123)
(14516, 28)
(14517, 26)
(14524, 51)
(14525, 25)
(14537, 115)
(14539, 53)
(14540, 94)
(14542, 95)
(14544, 61)
(14545, 24)
(14547, 23)
(14549, 24)
(14550, 24)
(14551, 24)
(14558, 62)
(14563, 43)
(14566, 30)
(14569, 108)
(14572, 179)
(14573, 85)
(14582, 48)
(14586, 24)
(14587, 56)
(14603, 27)
(14604, 94)
(14612, 197)
(14619, 101)
(14622, 56)
(14623, 93)
(14626, 111)
(14629, 134)
(14630, 56)
(14642, 66)
(14646, 63)
(14655, 4)
(14666, 256)
(14672, 114)
(14679, 196)
(14682, 4)
(14686, 4)
(14688, 28)
(14689, 342)
(14697, 232)
(14698, 513)
(14701, 4)
(14704, 34)
(14706, 122)
(14709, 4)
(14715, 104)
(14718, 41)
(14719, 158)
(14721, 82)
(14722, 68)
(14729, 41)
(14732, 161)
(14736, 205)
(14739, 257)
(14744, 70)
(14751, 23)
(14752, 49)
(14755, 31)
(14757, 366)
(14761, 60)
(14767, 682)
(14770, 507)
(14771, 93)
(14777, 28)
(14779, 98)
(14783, 68)
(14785, 68)
(14805, 29)
(14818, 194)
